0.40987308927616506
0.22565865890397974
0.7450128735883303
0.4088551660689296
0.7321705914043249
0.08608612227254053
0.3733139972555527
0.19029419262676994
0.9546863774345788
0.6036212160923375
0.7646715479384287
0.5009224881705902
0.663927703503526
0.8921645405191099
0.6593613416945455
0.9393591723420663
0.4954654263859526
0.8464886806960066
0.4272177837814153
0.07236137890516026
0.8182516268478018
0.939719996251837
0.7749278636613778
0.571884467339761
0.3688991705720932
0.18560576809291218
0.28608746742636904
0.2608309720111204
0.9210146652235389
0.09278592570657151
0.6719905032856145
0.9166652889085158
0.3999697128721972
0.10105010240178114
0.6159146054365631
0.5241175241425539
0.9130109194672604
0.5585189850005378
0.42720714275148686
0.34480883008688556
0.6845582366857934
0.9373318691375652
0.9921054039261625
0.41050590680223287
0.471527633856499
0.7748237257326902
0.7212861801457299
0.508502889512207
0.017037872460420656
0.17114447384477038
0.5401321348606036
0.9433281656917187
0.6299481639735635
0.03335157514126563
0.4946413232567237
0.028693593433229525
0.23233997606029133
0.2197553552212207
0.9633181484803629
0.031287077356749515
0.025689924609964776
0.932041420497336
0.8611565479195267
0.11126485313831125
0.8483700895052098
0.7709959264093765
0.6888977015463892
0.21206837167191894
0.08568052729702402
0.115955320253045
0.5142623954959231
0.6179505691604007
0.062128375097521005
0.8176782181442945
0.19570902355997588
0.5309995732891284
0.6359553402510684
0.11380400910355204
0.23516017246311594
0.806631688988099
0.7489278953946557
0.33494702136052756
0.4852884745983794
0.09267288110599392
0.662685659291572
0.3338953969137628
0.7273709474982039
0.9656218538365822
0.980006737051474
0.09173417462354094
0.7210138555977988
0.02390773906048904
0.508570995823827
0.08809199147997537
0.32316209142367847
0.9828252848872294
0.613774331822577
0.6375283739508378
0.2007607790173529
0.42937844052721486
0.8672795810956507
0.7097137824639499
0.05017795124377955
0.9426073068145165
0.13049967546070929
0.6209675447134161
0.9956786939399068
0.3870472130376259
0.1374974180846329
0.9622949696011758
0.8320291638123692
0.8275217428751557
0.11456917461777372
0.5374300215990443
0.11137459194676735
0.8642729586726398
0.9984991279795634
0.10008334663885665
0.032742371864537545
0.1755097774958867
0.6878633026866469
0.08838239518804392
0.24485209540283825
0.19673895998348956
0.5611356307456264
0.16973881433551408
0.03251923912207888
0.5946835569095035
0.46298156441664395
0.534097517918365
0.5404026243978298
0.17887738641557405
0.08040543950608903
0.09337089853604275
0.518817617903
0.8769709023702927
0.14667258704855146
0.6952900861748224
0.803109840656537
0.42263849429223554
0.5084504413453171
0.16603921183744963
0.019595998592532915
0.30777871396684975
0.4285875347096231
0.07627810561889237
0.5325389219730485
0.9935812795656856
0.07652225660174539
0.6004288441808995
0.8198082959858372
0.3752812761386859
0.043228360142791855
0.4069622294131121
0.9765276342270505
0.13431515317761789
0.9035585696024913
0.1286501768292747
0.35980236085085804
0.19885215692312697
0.5013027919755934
0.5663031503280141
0.1198225373557632
0.97590087981631
0.8188291785047258
0.05258147499215138
0.4767659896541977
0.5067220621733783
0.08345267308243476
0.08201703849635078
0.9668382296766671
0.1445976971572751
0.6104028213990662
0.350250967149467
0.46628377504157403
0.19657368257588526
0.40077582362259256
0.4964334625758654
0.11204258628662378
0.17912666766067342
0.7294805056242829
0.5972158551232186
0.0990805354605595
0.8205605787273047
0.8911188772807969
0.9435763279417908
0.3625465908608656
0.2930292489614038
0.8961538779608652
0.668356319410044
0.4519494776049675
0.5422016045036501
0.3084424822436753
0.24513775782263614
0.2400594361783559
0.4720576305688199
0.29259199552274984
0.35133308349348946
0.5260357892008556
0.8480623614973458
0.1594564550801595
0.8577285597029662
0.8611648794899278
0.3931649376212133
0.9238771672904504
0.8052006662722323
0.16688674035705264
0.15377853465786895
0.1639570307910896
0.9253146290643023
0.8390818045950974
0.2737339384514489
0.7301665155051678
0.02011199403820796
0.4829768703874623
0.8389705439892292
0.5350590967144303
0.2459341043311326
0.8495628123648551
0.9594897222126976
0.5794775464312536
0.456320279544309
0.429096673768816
0.2623983041316851
0.5942552757143397
0.70867765935519
0.3215412999413333
0.4506664447109221
0.052113838690067804
0.25713934164913566
0.32951357351175947
0.3040425573908868
0.9495384863688017
0.7434431164896601
0.3165038567963673
0.40467076746576125
0.7636265795078571
0.13576345022571568
0.1982685431834692
0.8519539375300694
0.985332758184626
0.40578804498532883
0.22514609886903536
0.02068722682065638
0.9176462243265354
0.2835599623473217
0.41077582660534373
0.07055559073824458
0.41822166175822784
0.9009098879217451
0.09773560578486096
0.5412804708896919
0.8408691300490674
0.29274943391904196
0.7675595191848931
0.4211191068385872
0.06547400896579259
0.7210362371095107
0.1425476800795067
0.03465728406739965
0.8679549384425191
0.4096947674033955
0.3323277038553616
0.6246877686166515
0.0029291209544036745
0.6355038162152007
0.48536202528675576
0.34819642100425685
0.4854244076565376
0.20636810885721146
0.20783028475509457
0.8871994118409923
0.4952627578866017
0.6194806479873962
0.23212956105606597
0.830056097533458
0.3928003044419929
0.03453239878581893
0.6842902731733623
0.5984843531257513
0.3822052712640793
0.06121101457079703
0.14210157735834072
0.009598648746193539
0.7529182272910417
0.5376156746758735
0.3202023924232337
0.40029368557601686
0.5236251538595517
0.5849061589417198
0.6381790179737803
0.42548449706913416
0.8066507724217212
0.5876262642865834
0.16577492862109566
0.22938991848082724
0.23048227213605066
0.8529590593026747
0.49075496586312084
0.6250728319969777
0.6924309834132085
0.055179973321103803
0.7646645122838492
0.42548667143187924
0.19323944934040382
0.5749238598966921
0.03860079050547882
0.6543562702021556
0.7204285133353963
0.8050117711709068
0.30170210436735245
0.23508965651292635
0.23838679526077533
0.4202564676602786
0.9460793142040028
0.608099415995478
0.31246244717347504
0.30822079844469996
0.23715265697173815
0.27227775353716865
0.613428001233746
0.4736327211264346
0.12916929003430144
0.5932532281857942
0.7432662961025247
0.9043038275217749
0.060058250929101664
0.14401143769160718
0.39904971027349434
0.15615704903250804
0.2643303107690198
0.33304900093668754
0.41433178297291406
0.5183186815750337
0.9064139402063738
0.48865957778779556
0.12072165663223688
0.9994789430479768
0.6637547572355934
0.6371082820785583
0.4677804786215738
0.08996478803616392
0.6347822502350638
0.7728292210902775
0.9326002945856495
0.3625142672590055
0.3024396532310215
0.8647595119703384
0.3438458738435466
0.8415300960161847
0.24869580733195895
0.26073879420968726
0.09393194362715018
0.2910791923595881
0.5764793750809155
0.16572255558593718
0.23526995069468448
0.31243827423635695
0.6169005704678058
0.6636141771283001
0.6977221894041455
0.1500464561421656
0.5858102542228781
0.653431248025987
0.05008128970089987
0.24793151586631668
0.9198392317810244
0.3330154894617817
0.1752118906099539
0.6295045259486636
0.3329264886882375
0.9074152001829991
0.28152093233016506
0.9879851903215136
0.38443690692435695
0.11287055973307425
0.803039649770392
0.8735671728589145
0.6331532187631225
0.5255004869135969
0.9966874038562973
0.9092322807005171
0.3375345561264743
3.2471829890190484e-05
0.755545134143638
0.5867677349006504
0.3339000034059193
0.0374198088545884
0.48312880597813956
0.26798815018459543
0.09869589394170186
0.8748051500497761
0.5813651360092976
0.7545306152482003
0.042744761230150474
0.7417152834492622
0.4132660853075515
0.4674713838170179
0.9344976381653471
0.9031068497351856
0.2613115636789659
0.8241712554039436
0.49328784540273607
0.7518918242142381
0.6166947545579422
0.08919362834580835
0.8142971255223728
0.08681724770832622
0.12200453021872915
0.5397317536883754
0.08429953068774454
0.684249208984329
0.33882258940537646
0.3971136282089597
0.6921254667510228
0.4605072489994617
0.6583715671722458
0.9764428316379
0.7198713836937937
0.4761276933694889
0.0763206500157485
0.6396592491157084
0.2976975020889341
0.8480253975863704
0.7051632457009636
0.3256368234713831
0.22306081337593153
0.7371647915066878
0.792101024819273
0.495072695938939
0.7266148417712008
0.19367916027176058
0.7848559644320965
0.5990144886543132
0.12404737813478728
0.6571224788101002
0.23312962102173962
0.29019259977667566
0.7334176142542443
0.9140232738716518
0.08991579885926015
0.034406145777697406
0.09804748726516355
0.11045540965896827
0.39661379306698796
0.24066743997378204
0.7297843733748467
0.0029262233998010867
0.08217078973792646
0.1279211265233321
0.43263204771231445
0.2963193897256605
0.41083995676172613
0.8834632907404286
0.8866747772291804
0.8073930903056148
0.9576861952526162
0.2918258588086774
0.3990991792799019
0.4003265273054276
0.3866032499229466
0.30846399326889506
0.8160789952294074
0.1014670445476481
0.5885062505269554
0.727130417809425
0.038171002971598145
0.46233351215552465
0.9211286613705193
0.0003769506474029516
0.43612347935079965
0.9810291211410872
0.10748281156189621
0.1988781547300753
0.6937286517791554
0.12957812728457585
0.2686501042239742
0.26948381074393923
0.6849474770161472
0.1888445064290476
0.7529020579901191
0.244293774898228
0.8258395618490418
0.15944900203387358
0.48182215201160095
0.9687771034947457
0.23855410287812728
0.060903866015610375
0.33520837042353535
0.3007828958319728
0.74891401356538
0.34870076803590966
0.9306515620391933
0.90873185012391
0.02840677809405845
0.01769808400476025
0.6334482911612015
0.8207863529747845
0.46917881508565995
0.41023038607288176
0.4705659515376607
0.6464313866378033
0.22911444729703934
0.7419745186353718
0.9313967743720776
0.10684150894203004
0.5146786857690594
0.4822711043510136
0.06221861418349195
0.7921176626986467
0.7493741639140374
0.46480478185156404
