0.024832637980580330
0.033079613000154495
0.020295541733503342
0.015248904004693031
0.020691722631454468
0.018305381760001183
0.020470697432756424
0.028225950896739960
0.030079135671257973
0.024272203445434570
0.027239453047513962
0.021118637174367905
0.016120159998536110
0.048926211893558502
0.015775445848703384
0.019032685086131096
0.020561426877975464
0.035445205867290497
0.022633360698819160
0.014558538794517517
0.021947925910353661
0.026593513786792755
0.025071308016777039
0.015911707654595375
0.019282335415482521
0.021081797778606415
0.019509259611368179
0.019899941980838776
0.016650624573230743
0.018938358873128891
0.021579673513770103
0.025958258658647537
0.020472107455134392
0.021154450252652168
0.016774993389844894
0.014313145540654659
0.028037721291184425
0.020398430526256561
0.023670751601457596
0.013760182075202465
0.019427012652158737
0.021631753072142601
0.023165825754404068
0.013647933490574360
0.025833806023001671
0.020891226828098297
0.019065527245402336
0.034592710435390472
0.021960170939564705
0.022517709061503410
0.020689964294433594
0.013640978373587132
0.016056533902883530
0.019965538755059242
0.020538544282317162
0.017946476116776466
0.017565732821822166
0.019128317013382912
0.022047195583581924
0.029700649902224541
0.017669834196567535
0.019959961995482445
0.029041478410363197
0.023745402693748474
0.023840475827455521
0.020386025309562683
0.025735862553119659
0.017321331426501274
0.016626125201582909
0.018936356529593468
0.036739509552717209
0.023554896935820580
0.017346201464533806
0.029060758650302887
0.017480287700891495
0.020981956273317337
0.016436358913779259
0.017390588298439980
0.022283382713794708
0.019045386463403702
0.015921885147690773
0.026575783267617226
0.018965139985084534
0.024633131921291351
0.022447982802987099
0.023270811885595322
0.026827719062566757
0.015012742951512337
0.034970019012689590
0.027196535840630531
0.024103866890072823
0.024977335706353188
0.018593240529298782
0.018318843096494675
0.023604802787303925
0.029364431276917458
0.020060610026121140
0.021857760846614838
0.022765841335058212
0.020778102800250053
0.037098936736583710
0.027477487921714783
0.024862166494131088
0.017150489613413811
0.016191266477108002
0.015231907367706299
0.030046487227082253
0.026620704680681229
0.018449790775775909
0.029335178434848785
0.017999252304434776
0.025333214551210403
0.018225491046905518
0.026072267442941666
0.023344472050666809
0.019952332600951195
0.027224106714129448
0.039102155715227127
0.017147811129689217
0.018969906494021416
0.026572138071060181
0.023887241259217262
0.025440245866775513
0.019029090180993080
0.018487961962819099
0.019149804487824440
0.022768128663301468
0.021362174302339554
0.015905262902379036
0.020833842456340790
0.020400620996952057
0.025575077161192894
0.022001584991812706
0.012719981372356415
0.015155524946749210
0.017272640019655228
0.024564208462834358
0.020572515204548836
0.019229665398597717
0.017903262749314308
0.021949948742985725
0.019275331869721413
0.019678195938467979
0.020336560904979706
0.020773995667695999
0.023041998967528343
0.022799054160714149
0.017380345612764359
0.025704927742481232
0.020541412755846977
0.030617557466030121
0.020407503470778465
0.018540082499384880
0.025695931166410446
0.014412476681172848
0.022202080115675926
0.018074184656143188
0.032490778714418411
0.023889405652880669
0.017945762723684311
0.019073590636253357
0.022917767986655235
0.018889587372541428
0.029526600614190102
0.021005526185035706
0.025454912334680557
0.023744953796267509
0.020723253488540649
0.020326744765043259
0.020734317600727081
0.020228423178195953
0.019175888970494270
0.017929565161466599
0.022084657102823257
0.017270326614379883
0.023271577432751656
0.022734416648745537
0.018007252365350723
0.037276897579431534
0.020109290257096291
0.025689741596579552
0.023128118366003036
0.027002610266208649
0.024480864405632019
0.020348360762000084
0.029297992587089539
0.019655540585517883
0.020298240706324577
0.032104320824146271
0.017096824944019318
0.020729441195726395
0.016681300476193428
0.029340805485844612
0.013313566334545612
0.022363251075148582
0.015632569789886475
0.018115943297743797
0.030467627570033073
0.020085923373699188
0.021299906075000763
0.028080983087420464
0.017086979001760483
0.034536197781562805
0.021716427057981491
0.024298017844557762
0.016967697069048882
0.021991403773427010
0.014880564063787460
0.019965089857578278
0.016618540510535240
0.024965649470686913
0.023971151560544968
0.019127197563648224
0.023055087774991989
0.020037317648530006
0.024585546925663948
0.024219142273068428
0.019185269251465797
0.023733323439955711
0.024952080100774765
0.021067246794700623
0.016952427104115486
0.022616982460021973
0.016900876536965370
0.025003327056765556
0.018883474171161652
0.019897893071174622
0.020215887576341629
0.020317142829298973
0.024187613278627396
0.019648415967822075
0.018298191949725151
0.018622498959302902
0.067733526229858398
0.018365086987614632
0.014915426261723042
0.023663660511374474
0.082619436085224152
0.025051815435290337
0.040331155061721802
0.018407071009278297
0.032251778990030289
0.033312596380710602
0.016555100679397583
0.020685037598013878
0.026944488286972046
0.015494175255298615
0.018363540992140770
0.018371686339378357
0.034328948706388474
0.038219034671783447
0.016332412138581276
0.015060591511428356
0.015214076265692711
0.020055843517184258
0.033673349767923355
0.021136572584509850
0.027841085568070412
0.019849549978971481
0.021472949534654617
0.023711595684289932
0.025655336678028107
0.022646658122539520
0.016205815598368645
0.016699917614459991
0.024116221815347672
0.016931660473346710
0.025522122159600258
0.016277447342872620
0.029663346707820892
0.037830092012882233
0.018506230786442757
0.017631484195590019
0.028417231515049934
0.029805917292833328
0.021214097738265991
0.021560618653893471
0.021887607872486115
0.021089462563395500
0.024742590263485909
0.023408623412251472
0.019061334431171417
0.017674405127763748
0.027205673977732658
0.034605789929628372
0.016862558200955391
0.018932042643427849
0.024010593071579933
0.022686079144477844
0.017131224274635315
0.022802829742431641
0.017170632258057594
0.019731638953089714
0.017177892848849297
0.019142989069223404
0.014509583823382854
0.032377082854509354
0.022499691694974899
0.018289778381586075
0.021393535658717155
0.030828213319182396
0.021373352035880089
0.020030891522765160
0.023607797920703888
0.028300790116190910
0.018091607838869095
0.023573353886604309
0.019299719482660294
0.018899630755186081
0.019180079922080040
0.022582488134503365
0.031515832990407944
0.026300353929400444
0.016958720982074738
0.020104775205254555
0.019392861053347588
0.041139677166938782
0.015049013309180737
0.033769264817237854
0.052802048623561859
0.028814151883125305
0.019996564835309982
0.020849226042628288
0.020606378093361855
0.021785045042634010
0.013761432841420174
0.021078366786241531
0.015782404690980911
0.018571030348539352
0.025761757045984268
0.037403069436550140
0.032722026109695435
0.021694017574191093
0.017374040558934212
0.018201645463705063
0.019530687481164932
0.052113890647888184
0.015208891592919827
0.018566776067018509
0.022268669679760933
0.020768873393535614
0.065522804856300354
0.016648694872856140
0.036941591650247574
0.020397728309035301
0.016697419807314873
0.022642567753791809
0.023168876767158508
0.025668019428849220
0.046673789620399475
0.018210673704743385
0.021373262628912926
0.020316874608397484
0.018884334713220596
0.018497766926884651
0.016196548938751221
0.024374820291996002
0.016976317390799522
0.018280688673257828
0.014417336322367191
0.028024781495332718
0.020342344418168068
0.026801580563187599
0.018524941056966782
0.023066198453307152
0.015620932914316654
0.023369105532765388
0.020751507952809334
0.025608737021684647
0.018787438049912453
0.030633291229605675
0.024343183264136314
0.090074516832828522
0.022312244400382042
0.021592065691947937
0.016924245283007622
0.020199980586767197
0.017122350633144379
0.022770740091800690
0.015618016943335533
0.029397968202829361
0.019048670306801796
0.027112280949950218
0.017003130167722702
0.016870494931936264
0.021306866779923439
0.016658911481499672
0.015114885754883289
0.022210899740457535
0.020252015441656113
0.018544217571616173
0.014517059549689293
0.013799543492496014
0.029231587424874306
0.016665285453200340
0.019171286374330521
0.016492668539285660
0.019880635663866997
0.020806504413485527
0.020759245380759239
0.012931294739246368
0.020713372156023979
0.017423078417778015
0.030200373381376266
0.027102164924144745
0.025998765602707863
0.015613655559718609
0.018196240067481995
0.020942553877830505
0.021922590211033821
0.024057442322373390
0.018049217760562897
0.015075542032718658
0.025803359225392342
0.018315862864255905
0.018237778916954994
0.016072176396846771
0.018363289535045624
0.028800418600440025
0.016224551945924759
0.022379053756594658
0.019085640087723732
0.020058294758200645
0.015964090824127197
0.030622199177742004
0.018055858090519905
0.020481176674365997
0.026230413466691971
0.025717914104461670
0.024484209716320038
0.048847820609807968
0.020583506673574448
0.017286209389567375
0.023302836343646049
0.020452398806810379
0.025861021131277084
0.021618850529193878
0.017749855294823647
0.017517104744911194
0.022798819467425346
0.037831459194421768
0.019328104332089424
0.030273891985416412
0.018237443640828133
0.019539019092917442
0.019687896594405174
0.028542386367917061
0.021648010239005089
0.017796324566006660
0.014164882712066174
0.020634500309824944
0.015512111596763134
0.024537319317460060
0.018025176599621773
0.017956098541617393
0.021426124498248100
0.023666234686970711
0.025231702253222466
0.017208294942975044
0.014933107420802116
0.029102517291903496
0.023217530921101570
0.017705174162983894
0.020425958558917046
0.015930254012346268
0.023843361064791679
0.024137413129210472
0.015037806704640388
0.024345144629478455
0.019328001886606216
0.025740873068571091
0.019144030287861824
0.024423044174909592
0.015700375661253929
0.023360516875982285
0.018594216555356979
0.017644012346863747
0.022995444014668465
0.018335212022066116
0.039935756474733353
0.016850830987095833
0.031330421566963196
0.018009083345532417
0.020876426249742508
0.028069104999303818
0.024639692157506943
0.019395602867007256
0.015215761959552765
0.013678391464054585
0.021538477391004562
0.015095852315425873
0.016284305602312088
0.019524350762367249
0.018640527501702309
0.020955067127943039
0.020574737340211868
0.014832698740065098
0.019323987886309624
0.019537651911377907
0.018318407237529755
0.019907563924789429
0.020339185371994972
0.021765017881989479
0.022689314559102058
0.020712494850158691
0.023893324658274651
0.018391648307442665
0.017216442152857780
0.017256977036595345
0.026570217683911324
0.015863712877035141
0.017468737438321114
