0.447422772645950317
0.513753175735473633
0.433516740798950195
0.342105090618133545
0.385543823242187500
0.349520981311798096
0.374138981103897095
0.583642840385437012
0.432734578847885132
0.504285514354705811
0.461772412061691284
0.386646777391433716
0.349811464548110962
0.479782789945602417
0.331032544374465942
0.391314804553985596
0.388016223907470703
0.522504687309265137
0.397471606731414795
0.329229384660720825
0.415105521678924561
0.445845425128936768
0.397002041339874268
0.361366689205169678
0.391385227441787720
0.463290452957153320
0.346294045448303223
0.364381432533264160
0.327155232429504395
0.458415806293487549
0.428011357784271240
0.453801065683364868
0.403020709753036499
0.467281937599182129
0.420868366956710815
0.398737967014312744
0.423288047313690186
0.387562185525894165
0.421187579631805420
0.345987588167190552
0.352239847183227539
0.374380111694335938
0.455001950263977051
0.288776040077209473
0.459012269973754883
0.481650173664093018
0.444967776536941528
0.511017620563507080
0.405237525701522827
0.424651116132736206
0.355792433023452759
0.307476758956909180
0.446194291114807129
0.472367078065872192
0.425336658954620361
0.388401329517364502
0.449249029159545898
0.372737258672714233
0.463020473718643188
0.398489743471145630
0.351243883371353149
0.366537243127822876
0.386002182960510254
0.508160769939422607
0.402154058218002319
0.345835685729980469
0.480451196432113647
0.539028942584991455
0.422331899404525757
0.427524268627166748
0.458986192941665649
0.473647564649581909
0.367294549942016602
0.540533244609832764
0.324311792850494385
0.517759859561920166
0.474330782890319824
0.350592821836471558
0.375865817070007324
0.432765543460845947
0.386732399463653564
0.459052175283432007
0.384293854236602783
0.498163193464279175
0.528847932815551758
0.394591271877288818
0.458917796611785889
0.319701015949249268
0.467630058526992798
0.480615049600601196
0.430806785821914673
0.423547357320785522
0.328379362821578979
0.387704223394393921
0.414036482572555542
0.446909040212631226
0.404149562120437622
0.440665572881698608
0.435647040605545044
0.512018859386444092
0.505890846252441406
0.462759435176849365
0.458519190549850464
0.331097483634948730
0.342400282621383667
0.414993941783905029
0.517031908035278320
0.459319293498992920
0.522785961627960205
0.425165593624114990
0.421423375606536865
0.499516785144805908
0.409826427698135376
0.537956476211547852
0.487378239631652832
0.371902406215667725
0.464946866035461426
0.431960612535476685
0.327671319246292114
0.374342232942581177
0.436016231775283813
0.483831673860549927
0.439920216798782349
0.376323670148849487
0.414978981018066406
0.514663457870483398
0.501179516315460205
0.438182801008224487
0.365482956171035767
0.403675794601440430
0.449762910604476929
0.471993237733840942
0.391359806060791016
0.323745518922805786
0.320835173130035400
0.322407394647598267
0.429084122180938721
0.400934427976608276
0.394690632820129395
0.377877384424209595
0.434894025325775146
0.412023723125457764
0.327408373355865479
0.433426886796951294
0.373986005783081055
0.418886870145797729
0.428751766681671143
0.307145506143569946
0.426034480333328247
0.341015070676803589
0.437495112419128418
0.440690755844116211
0.374963134527206421
0.585253357887268066
0.451794296503067017
0.504526376724243164
0.300517648458480835
0.496813416481018066
0.415489792823791504
0.375510513782501221
0.551371216773986816
0.414643406867980957
0.467705637216567993
0.140421763062477112
0.500084996223449707
0.419293224811553955
0.424561470746994019
0.445150196552276611
0.510906219482421875
0.448833912611007690
0.457371741533279419
0.389647573232650757
0.414464265108108521
0.449721544981002808
0.424524545669555664
0.397051632404327393
0.395712107419967651
0.407184004783630371
0.530483543872833252
0.498646229505538940
0.373323231935501099
0.427978485822677612
0.346913993358612061
0.417807251214981079
0.376606971025466919
0.402921468019485474
0.381379127502441406
0.449335366487503052
0.513230562210083008
0.407951802015304565
0.415510267019271851
0.363528370857238770
0.439108401536941528
0.348868310451507568
0.422753304243087769
0.483326196670532227
0.349386692047119141
0.440605700016021729
0.379493772983551025
0.429752290248870850
0.491019636392593384
0.387832194566726685
0.629898786544799805
0.432214200496673584
0.543614923954010010
0.414014220237731934
0.431155472993850708
0.316054850816726685
0.361197024583816528
0.359733700752258301
0.428121089935302734
0.450592249631881714
0.429419964551925659
0.364638000726699829
0.411044180393218994
0.403844803571701050
0.409787088632583618
0.390064090490341187
0.392834484577178955
0.542145669460296631
0.362941920757293701
0.407754242420196533
0.458592593669891357
0.421712726354598999
0.395338863134384155
0.399697721004486084
0.383811116218566895
0.437370151281356812
0.357607215642929077
0.421712487936019897
0.412835866212844849
0.390364229679107666
0.413676977157592773
0.514530599117279053
0.403889626264572144
0.357687443494796753
0.442908883094787598
0.563922226428985596
0.384759992361068726
0.610367655754089355
0.448247045278549194
0.620308995246887207
0.533568441867828369
0.347985953092575073
0.540067434310913086
0.604419231414794922
0.407654047012329102
0.346940249204635620
0.428102463483810425
0.463130176067352295
0.594778716564178467
0.347913265228271484
0.368876814842224121
0.365834385156631470
0.319143295288085938
0.549161911010742188
0.340986967086791992
0.538594722747802734
0.404143363237380981
0.337258368730545044
0.418550282716751099
0.518712162971496582
0.393328279256820679
0.318837344646453857
0.350157320499420166
0.373563915491104126
0.423782974481582642
0.475212395191192627
0.332150191068649292
0.507801413536071777
0.431669324636459351
0.531826019287109375
0.441294878721237183
0.550950646400451660
0.564776659011840820
0.412977337837219238
0.401726752519607544
0.430362761020660400
0.407655864953994751
0.428488016128540039
0.436031579971313477
0.374929368495941162
0.426109433174133301
0.390548467636108398
0.303016245365142822
0.341231197118759155
0.376848369836807251
0.450698703527450562
0.312710136175155640
0.459210723638534546
0.429769933223724365
0.393613249063491821
0.310594052076339722
0.386926621198654175
0.359373897314071655
0.404641956090927124
0.472213953733444214
0.437270551919937134
0.390157788991928101
0.351534575223922729
0.444845587015151978
0.429892659187316895
0.434711337089538574
0.469288468360900879
0.480729281902313232
0.254854798316955566
0.417090803384780884
0.438670098781585693
0.415611803531646729
0.397638231515884399
0.409193933010101318
0.495279431343078613
0.482386291027069092
0.346781969070434570
0.438213795423507690
0.417868643999099731
0.466848462820053101
0.329928427934646606
0.598589241504669189
0.494854509830474854
0.416672736406326294
0.499621897935867310
0.452812701463699341
0.454966872930526733
0.494490593671798706
0.341492861509323120
0.465826660394668579
0.435634195804595947
0.397566080093383789
0.543874263763427734
0.464332312345504761
0.512202858924865723
0.466883569955825806
0.446293741464614868
0.480985134840011597
0.349167227745056152
0.396135479211807251
0.359268248081207275
0.405337661504745483
0.387779772281646729
0.395922333002090454
0.500108182430267334
0.280755519866943359
0.547003686428070068
0.444838523864746094
0.489365130662918091
0.462130576372146606
0.341663777828216553
0.348471492528915405
0.506004214286804199
0.363714277744293213
0.377387881278991699
0.324810057878494263
0.451970964670181274
0.393599927425384521
0.340333878993988037
0.465974628925323486
0.411420375108718872
0.364251136779785156
0.419597625732421875
0.390337556600570679
0.512833178043365479
0.422064423561096191
0.411517858505249023
0.424044311046600342
0.361026465892791748
0.499867886304855347
0.367243736982345581
0.472069114446640015
0.425155192613601685
0.559004962444305420
0.469405859708786011
0.732235550880432129
0.584925830364227295
0.474911302328109741
0.442565947771072388
0.393422245979309082
0.390909761190414429
0.457595616579055786
0.363645613193511963
0.414578974246978760
0.412939608097076416
0.508075833320617676
0.368088930845260620
0.365218997001647949
0.425402790307998657
0.294504791498184204
0.414200872182846069
0.314530223608016968
0.430416047573089600
0.425217062234878540
0.349332153797149658
0.425694406032562256
0.513318359851837158
0.326145291328430176
0.436696916818618774
0.363684564828872681
0.371229529380798340
0.418292969465255737
0.377237260341644287
0.441756188869476318
0.423115760087966919
0.413291335105895996
0.473100095987319946
0.495479047298431396
0.404574930667877197
0.407886087894439697
0.471904903650283813
0.387504905462265015
0.467328846454620361
0.412886142730712891
0.456864207983016968
0.353009641170501709
0.479327201843261719
0.384406536817550659
0.378485232591629028
0.334252595901489258
0.435121506452560425
0.651191592216491699
0.429510146379470825
0.412192225456237793
0.378755331039428711
0.369233995676040649
0.434276968240737915
0.421420127153396606
0.387330085039138794
0.456627160310745239
0.445587426424026489
0.410689711570739746
0.459617167711257935
0.708210766315460205
0.445249050855636597
0.351457148790359497
0.478452473878860474
0.421712756156921387
0.575568974018096924
0.431215167045593262
0.404690951108932495
0.404315829277038574
0.476441860198974609
0.548901081085205078
0.442972362041473389
0.555885016918182373
0.374430358409881592
0.395059823989868164
0.437606990337371826
0.475180685520172119
0.434038192033767700
0.439896434545516968
0.358578473329544067
0.416113197803497314
0.392984986305236816
0.459856003522872925
0.435436367988586426
0.344785451889038086
0.464943885803222656
0.444204151630401611
0.427477300167083740
0.388138383626937866
0.324680566787719727
0.490853518247604370
0.342599749565124512
0.398875772953033447
0.432000756263732910
0.336283385753631592
0.399056404829025269
0.473240792751312256
0.351376056671142578
0.473624557256698608
0.424390733242034912
0.460254907608032227
0.329752743244171143
0.435715794563293457
0.435347020626068115
0.374213427305221558
0.419064611196517944
0.387979507446289062
0.421212464570999146
0.452732861042022705
0.721327483654022217
0.396853744983673096
0.521702885627746582
0.378590375185012817
0.351186901330947876
0.531837582588195801
0.413776248693466187
0.324343860149383545
0.324374854564666748
0.365248143672943115
0.477405279874801636
0.399674385786056519
0.280038565397262573
0.456171303987503052
0.446301162242889404
0.481626391410827637
0.428990334272384644
0.439947754144668579
0.463270097970962524
0.357526272535324097
0.477375328540802002
0.310450643301010132
0.435637533664703369
0.379660457372665405
0.430352330207824707
0.426148235797882080
0.373964816331863403
0.336998403072357178
0.391675859689712524
0.363720536231994629
0.434727072715759277
0.523474693298339844
0.384540349245071411
