0.102969162166118622
0.099928259849548340
0.127913728356361389
0.099059469997882843
0.100429721176624298
0.121449276804924011
0.162097498774528503
0.100043416023254395
0.159959241747856140
0.122664198279380798
0.105261974036693573
0.142097949981689453
0.102029100060462952
0.132220864295959473
0.100325912237167358
0.106437936425209045
0.136585369706153870
0.124613054096698761
0.130006432533264160
0.198400333523750305
0.116320379078388214
0.149600297212600708
0.162997767329216003
0.126595690846443176
0.106612406671047211
0.121217310428619385
0.106790475547313690
0.112300179898738861
0.161499544978141785
0.165557682514190674
0.130311682820320129
0.143827483057975769
0.114844039082527161
0.123655185103416443
0.116569481790065765
0.115679249167442322
0.192960590124130249
0.104195728898048401
0.090405121445655823
0.095586471259593964
0.106339551508426666
0.084078341722488403
0.116300441324710846
0.134857639670372009
0.117626175284385681
0.164849191904067993
0.111460529267787933
0.122224077582359314
0.126946955919265747
0.188003197312355042
0.109026968479156494
0.127952098846435547
0.121110074222087860
0.144697159528732300
0.085654869675636292
0.120670542120933533
0.112937614321708679
0.120395042002201080
0.130485534667968750
0.117947034537792206
0.116683073341846466
0.245551943778991699
0.202162891626358032
0.097514860332012177
0.126309618353843689
0.104476943612098694
0.208211556077003479
0.083050198853015900
0.103759422898292542
0.123070418834686279
0.112442642450332642
0.110531680285930634
0.146693438291549683
0.133560582995414734
0.128758460283279419
0.110740542411804199
0.136630415916442871
0.181454256176948547
0.128222614526748657
0.130604028701782227
0.119954146444797516
0.105618782341480255
0.118919953703880310
0.120361268520355225
0.111300438642501831
0.098626948893070221
0.103261463344097137
0.122012123465538025
0.117760568857192993
0.149701833724975586
0.111548990011215210
0.113045245409011841
0.120670363306999207
0.137210145592689514
0.098997600376605988
0.146080657839775085
0.098501466214656830
0.118388995528221130
0.150684162974357605
0.128407523036003113
0.108533725142478943
0.140631943941116333
0.175394192337989807
0.109470389783382416
0.097672432661056519
0.094074018299579620
0.179886892437934875
0.107252448797225952
0.079622998833656311
0.115265332162380219
0.118862465023994446
0.145172715187072754
0.109860956668853760
0.136122032999992371
0.259220302104949951
0.080982871353626251
0.109803721308708191
0.157304406166076660
0.127158686518669128
0.183668106794357300
0.136025965213775635
0.095853008329868317
0.140318512916564941
0.130309790372848511
0.134170889854431152
0.096452124416828156
0.128540575504302979
0.221489042043685913
0.124657914042472839
0.118762962520122528
0.120368190109729767
0.116297148168087006
0.100566335022449493
0.171091288328170776
0.103554539382457733
0.121105499565601349
0.136118531227111816
0.119264170527458191
0.097030498087406158
0.110434494912624359
0.133112505078315735
0.124957904219627380
0.116818062961101532
0.088457576930522919
0.116332426667213440
0.089324988424777985
0.168050080537796021
0.093430407345294952
0.124383278191089630
0.118799149990081787
0.163994029164314270
0.108056358993053436
0.131044343113899231
0.123867675662040710
0.126920953392982483
0.097170859575271606
0.121111251413822174
0.104287184774875641
0.229384809732437134
0.120756745338439941
0.101776868104934692
0.114840954542160034
0.147212266921997070
0.097453601658344269
0.130894824862480164
0.131667375564575195
0.191380023956298828
0.108085043728351593
0.149057760834693909
0.113174051046371460
0.099292866885662079
0.116666629910469055
0.147313341498374939
0.120351374149322510
0.101187795400619507
0.120050646364688873
0.106185562908649445
0.119047485291957855
0.133610114455223083
0.120394878089427948
0.141070008277893066
0.181609809398651123
0.113410681486129761
0.111432529985904694
0.173536986112594604
0.177541956305503845
0.121546037495136261
0.138896688818931580
0.098290078341960907
0.139586478471755981
0.120764330029487610
0.106274478137493134
0.113612465560436249
0.124812074005603790
0.263905197381973267
0.148458749055862427
0.107708454132080078
0.106114298105239868
0.155083879828453064
0.172677367925643921
0.125082999467849731
0.136005297303199768
0.121585115790367126
0.152621775865554810
0.110288836061954498
0.104515172541141510
0.085658349096775055
0.110003806650638580
0.119018808007240295
0.125473856925964355
0.158540606498718262
0.126997232437133789
0.132823079824447632
0.125616237521171570
0.107881069183349609
0.128349825739860535
0.071472093462944031
0.116251811385154724
0.137529820203781128
0.082056313753128052
0.146144732832908630
0.121004052460193634
0.122691646218299866
0.114094004034996033
0.107169710099697113
0.149234965443611145
0.120268687605857849
0.208620309829711914
0.113119944930076599
0.074731931090354919
0.138500511646270752
0.149574548006057739
0.128722220659255981
0.099209494888782501
0.133543312549591064
0.151520952582359314
0.186072975397109985
0.113070145249366760
0.164858832955360413
0.093683190643787384
0.136205658316612244
0.095897942781448364
0.087026327848434448
0.118172384798526764
0.144881054759025574
0.157679840922355652
0.125007688999176025
0.129810795187950134
0.125172793865203857
0.101625986397266388
0.178735002875328064
0.113596566021442413
0.120397500693798065
0.112604655325412750
0.129528835415840149
0.137083470821380615
0.113586388528347015
0.146882608532905579
0.160777658224105835
0.099425405263900757
0.234303802251815796
0.139661878347396851
0.114545099437236786
0.133579358458518982
0.142976552248001099
0.112115055322647095
0.138882502913475037
0.163318455219268799
0.105024874210357666
0.153779402375221252
0.109543196856975555
0.113139532506465912
0.100522033870220184
0.141126513481140137
0.113206885755062103
0.102091766893863678
0.139890998601913452
0.104518264532089233
0.122020043432712555
0.130258068442344666
0.154120549559593201
0.142525926232337952
0.121724024415016174
0.094121016561985016
0.230927079916000366
0.099664941430091858
0.092803873121738434
0.126329109072685242
0.125531494617462158
0.088600456714630127
0.124689750373363495
0.129279822111129761
0.107645407319068909
0.141442418098449707
0.093475215137004852
0.137657642364501953
0.166226416826248169
0.145095482468605042
0.105079784989356995
0.111591301858425140
0.132085591554641724
0.189527943730354309
0.136961713433265686
0.134988903999328613
0.128502100706100464
0.095144174993038177
0.184309959411621094
0.213431149721145630
0.153419926762580872
0.175178274512290955
0.172101646661758423
0.098956719040870667
0.151034295558929443
0.105175599455833435
0.136074066162109375
0.146286472678184509
0.160967633128166199
0.159597292542457581
0.115675181150436401
0.088341988623142242
0.112243257462978363
0.118787050247192383
0.118149362504482269
0.135603681206703186
0.130526319146156311
0.107419192790985107
0.109283797442913055
0.118019618093967438
0.096058182418346405
0.221775546669960022
0.137604206800460815
0.115087017416954041
0.137037366628646851
0.129592016339302063
0.100529268383979797
0.091615453362464905
0.112612746655941010
0.092673644423484802
0.143197342753410339
0.097746998071670532
0.123527601361274719
0.142610028386116028
0.138155728578567505
0.138649702072143555
0.117725692689418793
0.131527200341224670
0.128811478614807129
0.119233936071395874
0.137690141797065735
0.136843994259834290
0.146846115589141846
0.108802631497383118
0.131051644682884216
0.121581546962261200
0.107815861701965332
0.123803921043872833
0.137002646923065186
0.105249464511871338
0.188564643263816833
0.169428065419197083
0.132623538374900818
0.131426393985748291
0.108044378459453583
0.109634079039096832
0.121789716184139252
0.172379821538925171
0.130916178226470947
0.095925286412239075
0.140334889292716980
0.123458638787269592
0.095284402370452881
0.156763821840286255
0.151654526591300964
0.119708783924579620
0.245862513780593872
0.125804215669631958
0.096682056784629822
0.093338288366794586
0.062390182167291641
0.131068006157875061
0.090355522930622101
0.129776015877723694
0.114086866378784180
0.110646329820156097
0.107882477343082428
0.111276365816593170
0.123108923435211182
0.141225576400756836
0.116037584841251373
0.156116500496864319
0.267776787281036377
0.161007523536682129
0.117126196622848511
0.198059320449829102
0.123218707740306854
0.120907492935657501
0.102412194013595581
0.102818168699741364
0.136985361576080322
0.079202726483345032
0.124966204166412354
0.140690296888351440
0.142932549118995667
0.125776171684265137
0.113467097282409668
0.114388123154640198
0.118252329528331757
0.111282318830490112
0.190331935882568359
0.106768488883972168
0.136849313974380493
0.118526205420494080
0.113189399242401123
0.118170864880084991
0.105632491409778595
0.092010065913200378
0.104148864746093750
0.152368888258934021
0.152478501200675964
0.135481730103492737
0.233237132430076599
0.143557757139205933
0.149688675999641418
0.196907922625541687
0.162861555814743042
0.168064489960670471
0.112899467349052429
0.138323083519935608
0.148283198475837708
0.118986718356609344
0.135336488485336304
0.118192359805107117
0.120108358561992645
0.100727044045925140
0.114601217210292816
0.177553966641426086
0.111874125897884369
0.109586521983146667
0.111308842897415161
0.158083960413932800
0.098303288221359253
0.124442927539348602
0.145841613411903381
0.113721430301666260
0.137051969766616821
0.180866971611976624
0.213039755821228027
0.137236446142196655
0.093851611018180847
0.104699611663818359
0.131116390228271484
0.191763207316398621
0.123431198298931122
0.093901336193084717
0.121039882302284241
0.138560622930526733
0.090314492583274841
0.117833517491817474
0.160101488232612610
0.157086491584777832
0.146178662776947021
0.153153896331787109
0.296100944280624390
0.097115933895111084
0.138283684849739075
0.116281099617481232
0.093932032585144043
0.117921195924282074
0.106595613062381744
0.147237092256546021
0.130546331405639648
0.143004193902015686
0.119794748723506927
0.130635678768157959
0.182460427284240723
0.133858427405357361
0.104615181684494019
0.070947386324405670
0.158398523926734924
0.100164003670215607
0.149495154619216919
0.160380870103836060
0.142216935753822327
0.114640340209007263
0.090271912515163422
0.089959971606731415
0.122854374349117279
0.156734079122543335
0.126246467232704163
0.116252668201923370
0.150747343897819519
0.102566003799438477
0.122288711369037628
0.140422612428665161
0.136450245976448059
0.118191398680210114
0.092277944087982178
0.118939913809299469
0.109217599034309387
0.106868267059326172
0.123437941074371338
0.233762592077255249
0.122933670878410339
0.111005999147891998
0.098919883370399475
0.113283082842826843
0.093150764703750610
0.158287659287452698
0.123617783188819885
0.139492720365524292
0.110940791666507721
0.105699300765991211
