-0.198634937405586243
-0.159279793500900269
-0.205439716577529907
-0.159750893712043762
-0.126782730221748352
-0.322602033615112305
-0.159701585769653320
-0.347721338272094727
-0.249661296606063843
-0.273007452487945557
-0.231931954622268677
-0.028603596612811089
-0.189896851778030396
-0.281264930963516235
-0.173262313008308411
-0.241200208663940430
-0.371220111846923828
-0.274709641933441162
-0.205252811312675476
-0.258499592542648315
-0.153541833162307739
-0.274793207645416260
-0.324058234691619873
-0.252471625804901123
-0.190611988306045532
-0.225169926881790161
-0.343567013740539551
-0.220153689384460449
-0.166400104761123657
-0.271595686674118042
-0.191980719566345215
-0.339945733547210693
-0.202634856104850769
-0.297159194946289062
-0.261564314365386963
-0.223832368850708008
-0.248627841472625732
-0.260582923889160156
-0.089288048446178436
-0.357226490974426270
-0.128296434879302979
-0.258322119712829590
-0.244954302906990051
-0.152284085750579834
-0.316498637199401855
-0.144498601555824280
-0.252167731523513794
-0.196256458759307861
-0.179368048906326294
-0.107087671756744385
-0.166187733411788940
-0.205254629254341125
-0.252967745065689087
-0.144727364182472229
-0.251717954874038696
-0.206195622682571411
-0.281669557094573975
-0.337612539529800415
-0.138243794441223145
-0.238891258835792542
-0.255710631608963013
-0.015553812496364117
-0.216884896159172058
-0.176316216588020325
-0.148642778396606445
-0.212185367941856384
-0.200180232524871826
-0.071553215384483337
-0.208907946944236755
-0.357989072799682617
-0.258830755949020386
-0.359925419092178345
-0.152775943279266357
-0.210740625858306885
-0.292484074831008911
-0.185538962483406067
-0.397034317255020142
-0.125722467899322510
-0.257363766431808472
-0.241233065724372864
-0.086333505809307098
-0.306479990482330322
-0.270061165094375610
-0.337952435016632080
-0.248466357588768005
-0.193548560142517090
-0.298651278018951416
-0.227863729000091553
-0.359965354204177856
-0.276431769132614136
-0.248049184679985046
-0.120809808373451233
-0.337792426347732544
-0.266138494014739990
-0.167727917432785034
-0.247002109885215759
-0.215158388018608093
-0.259118258953094482
-0.193645969033241272
-0.154288038611412048
-0.411723911762237549
-0.156958445906639099
-0.237156853079795837
-0.299713075160980225
-0.212357535958290100
-0.203399971127510071
-0.184828355908393860
-0.306987673044204712
-0.343761414289474487
-0.183857649564743042
-0.193655088543891907
-0.091611988842487335
-0.233758345246315002
-0.355788290500640869
-0.196725815534591675
-0.330298811197280884
-0.139834225177764893
-0.217653691768646240
-0.166528061032295227
-0.185734435915946960
-0.311452805995941162
-0.104899413883686066
-0.422929048538208008
-0.240815311670303345
-0.132040470838546753
-0.163090959191322327
-0.337840408086776733
-0.330002546310424805
-0.318321138620376587
-0.226778864860534668
-0.278662502765655518
-0.194961473345756531
-0.194987311959266663
-0.146255612373352051
-0.243719473481178284
-0.229726836085319519
-0.128242522478103638
-0.216404259204864502
-0.117926336824893951
-0.243668615818023682
-0.261094093322753906
-0.265609264373779297
-0.194771632552146912
-0.120834954082965851
-0.166771635413169861
-0.135053128004074097
-0.271303832530975342
-0.056006539613008499
-0.224252089858055115
-0.131811991333961487
-0.235598847270011902
-0.272038280963897705
-0.205063074827194214
-0.173640221357345581
-0.289065837860107422
-0.262726098299026489
-0.335822910070419312
-0.177873775362968445
-0.230911076068878174
-0.147696062922477722
-0.268536031246185303
-0.188245430588722229
-0.262891918420791626
-0.198328509926795959
-0.352162897586822510
-0.190480709075927734
-0.277790039777755737
-0.339548259973526001
-0.289472490549087524
-0.224037840962409973
-0.114972308278083801
-0.246249020099639893
-0.242611020803451538
-0.258111238479614258
-0.313325107097625732
-0.231534227728843689
-0.227076470851898193
-0.207734405994415283
-0.210884675383567810
-0.137084558606147766
-0.132295683026313782
-0.252940028905868530
-0.171612471342086792
-0.253186643123626709
-0.227679923176765442
-0.208406731486320496
-0.180302500724792480
-0.186834245920181274
-0.240367308259010315
-0.216607555747032166
-0.219688907265663147
-0.287034243345260620
-0.306171476840972900
-0.150719001889228821
-0.105435751378536224
-0.219934567809104919
-0.241527095437049866
-0.331004709005355835
-0.269987374544143677
-0.156820729374885559
-0.144899412989616394
-0.261037081480026245
-0.182826533913612366
-0.264791250228881836
-0.313403815031051636
-0.293742716312408447
-0.268706589937210083
-0.211493045091629028
-0.216372385621070862
-0.452180862426757812
-0.299851208925247192
-0.303153365850448608
-0.229168891906738281
-0.309911102056503296
-0.264202326536178589
-0.269489049911499023
-0.144061759114265442
-0.167143329977989197
-0.156979173421859741
-0.141487583518028259
-0.222238093614578247
-0.173626974225044250
-0.148145779967308044
-0.257284820079803467
-0.206039085984230042
-0.170317113399505615
-0.235997393727302551
-0.176952272653579712
-0.213227495551109314
-0.201555594801902771
-0.300094664096832275
-0.151790171861648560
-0.208562716841697693
-0.280470639467239380
-0.269795149564743042
-0.229192718863487244
-0.129286959767341614
-0.251389801502227783
-0.260037302970886230
-0.245432361960411072
-0.174379318952560425
-0.102881960570812225
-0.167894259095191956
-0.235278129577636719
-0.200724750757217407
-0.336330890655517578
-0.164049610495567322
-0.242959409952163696
-0.169863447546958923
-0.169696778059005737
-0.183737903833389282
-0.162455499172210693
-0.241503208875656128
-0.268742144107818604
-0.230481550097465515
-0.202916413545608521
-0.220905408263206482
-0.224019706249237061
-0.267480880022048950
-0.323330730199813843
0.146213054656982422
-0.477668613195419312
-0.237639591097831726
-0.148852616548538208
-0.146243825554847717
-0.305496335029602051
-0.223360866308212280
-0.169727221131324768
-0.195170655846595764
-0.213050276041030884
-0.233987152576446533
-0.203905284404754639
-0.305399984121322632
-0.259589284658432007
-0.347015380859375000
-0.217554435133934021
-0.270612210035324097
-0.289732605218887329
-0.172888562083244324
-0.230001211166381836
-0.106558151543140411
-0.355580896139144897
-0.291246205568313599
-0.177712500095367432
-0.200746729969978333
-0.169918105006217957
-0.300875484943389893
-0.304572463035583496
-0.169293686747550964
-0.260248720645904541
-0.205322265625000000
-0.180969044566154480
-0.180787920951843262
-0.172977641224861145
-0.375723034143447876
-0.180821865797042847
-0.180544242262840271
-0.189487233757972717
-0.264252424240112305
-0.207541584968566895
-0.236462876200675964
-0.197528302669525146
-0.306370615959167480
-0.198388636112213135
-0.181054100394248962
-0.367627650499343872
-0.119817547500133514
-0.148454859852790833
-0.176971375942230225
-0.078078612685203552
-0.205227330327033997
-0.136027678847312927
-0.141746193170547485
-0.169057637453079224
-0.239485025405883789
-0.178485929965972900
-0.174668893218040466
-0.248379305005073547
-0.271685183048248291
-0.309555172920227051
-0.146468296647071838
-0.223884701728820801
-0.258417159318923950
-0.357161760330200195
-0.231053724884986877
-0.287847638130187988
-0.384136110544204712
-0.347451746463775635
-0.389585345983505249
-0.189110055565834045
-0.286116570234298706
-0.243094801902770996
-0.283684939146041870
-0.436486989259719849
-0.335263162851333618
-0.180238664150238037
-0.197563529014587402
-0.152911871671676636
-0.197829678654670715
-0.253537774085998535
-0.195394560694694519
-0.266739517450332642
-0.281316131353378296
-0.248707368969917297
-0.307038187980651855
-0.233905076980590820
-0.221150115132331848
-0.192463800311088562
-0.222370624542236328
-0.417830199003219604
-0.315056204795837402
-0.266301333904266357
-0.358099609613418579
-0.193531289696693420
-0.238466814160346985
-0.242360517382621765
-0.185003951191902161
-0.226483568549156189
-0.180309548974037170
-0.077689282596111298
-0.149226203560829163
-0.336118161678314209
-0.413346379995346069
-0.312266677618026733
-0.274504482746124268
-0.124696865677833557
-0.310247123241424561
0.004149459768086672
-0.198112383484840393
-0.330072194337844849
-0.204688087105751038
-0.105279259383678436
-0.165320500731468201
-0.163434043526649475
-0.111551001667976379
-0.231401771306991577
-0.319092154502868652
-0.181830987334251404
-0.265719532966613770
-0.221982896327972412
-0.102949433028697968
-0.199872300028800964
-0.270191282033920288
-0.213872298598289490
-0.225550770759582520
-0.265250325202941895
-0.162971571087837219
-0.332165569067001343
-0.161662876605987549
-0.344592690467834473
0.028773769736289978
-0.245562925934791565
-0.317107409238815308
-0.357984662055969238
-0.285660445690155029
-0.251979738473892212
-0.203063264489173889
-0.152175635099411011
-0.220265030860900879
-0.348986059427261353
-0.168506577610969543
-0.142426744103431702
-0.160224065184593201
-0.155326515436172485
-0.305683761835098267
-0.241993904113769531
-0.353633731603622437
-0.055080771446228027
-0.098712645471096039
-0.227164983749389648
-0.261875689029693604
-0.203460678458213806
-0.090586937963962555
-0.197606146335601807
-0.303962528705596924
-0.273169845342636108
-0.316084623336791992
-0.210226863622665405
-0.338416129350662231
-0.173968836665153503
-0.147459462285041809
-0.184160858392715454
-0.182303756475448608
-0.115077771246433258
-0.218291491270065308
-0.200985670089721680
-0.265907645225524902
-0.220454409718513489
-0.256737709045410156
-0.163324445486068726
-0.221288442611694336
-0.265816837549209595
-0.293830037117004395
-0.106917664408683777
-0.252184569835662842
-0.110301949083805084
-0.221646293997764587
-0.224404960870742798
-0.290810972452163696
-0.217622861266136169
-0.360511690378189087
-0.237444221973419189
-0.239137068390846252
-0.225082606077194214
-0.225596547126770020
-0.133864462375640869
-0.197038933634757996
-0.296969383955001831
-0.220619559288024902
-0.205084726214408875
-0.222899928689002991
-0.360189259052276611
-0.292274206876754761
-0.249827548861503601
-0.146555855870246887
-0.097893275320529938
-0.168627247214317322
-0.215751111507415771
-0.288113832473754883
-0.300221830606460571
-0.276003569364547729
-0.249589413404464722
-0.353595405817031860
-0.286837697029113770
-0.325114190578460693
-0.184697940945625305
-0.306160420179367065
-0.386136174201965332
-0.264980494976043701
-0.133941546082496643
-0.184592932462692261
-0.163013041019439697
-0.062954723834991455
-0.171708971261978149
-0.141547903418540955
-0.190568715333938599
-0.461079001426696777
-0.139060571789741516
-0.191997304558753967
-0.136921644210815430
-0.164662286639213562
-0.005524486768990755
-0.259823471307754517
-0.265266865491867065
-0.231897309422492981
-0.177999794483184814
-0.191288277506828308
-0.205494508147239685
-0.189086377620697021
-0.262498527765274048
-0.163344845175743103
-0.249749928712844849
-0.169640317559242249
-0.190729320049285889
-0.243124768137931824
-0.182511091232299805
-0.260706305503845215
-0.194282218813896179
-0.236066162586212158
-0.058098398149013519
-0.275778442621231079
-0.259300172328948975
-0.146562084555625916
-0.358904987573623657
-0.043869342654943466
-0.344003826379776001
-0.108874499797821045
-0.421938031911849976
-0.150348216295242310
-0.279241889715194702
-0.303464770317077637
-0.115635178983211517
