0.014796780422329903
0.037973653525114059
0.024287354201078415
0.033282227814197540
0.009573050774633884
0.012174786068499088
0.032409146428108215
0.023881403729319572
0.021433573216199875
0.012456892058253288
0.007617269642651081
0.014533590525388718
0.025956345722079277
0.008145377039909363
0.016106810420751572
0.016402194276452065
0.032194659113883972
0.034206639975309372
0.021147968247532845
0.021446559578180313
0.013176774606108665
0.034486390650272369
0.035753048956394196
0.023376507684588432
0.017639441415667534
0.004831976257264614
0.028322976082563400
0.019312247633934021
0.027408648282289505
0.017612813040614128
0.022178120911121368
0.042270887643098831
0.016392666846513748
0.015593137592077255
0.018405381590127945
0.021813422441482544
0.017243932932615280
0.022654755041003227
0.034636605530977249
0.017026724293828011
0.018760103732347488
0.026324290782213211
0.028152899816632271
0.027660937979817390
0.023234376683831215
0.010892864316701889
0.019428536295890808
0.047713100910186768
0.014600227586925030
0.020708745345473289
0.014191100373864174
0.027877155691385269
0.011789537034928799
0.018164148554205894
0.021012937650084496
0.033221997320652008
0.022191714495420456
0.023825323209166527
0.023329870775341988
0.009719287045300007
0.020101357251405716
0.035947527736425400
0.010745599865913391
0.019806692376732826
0.014408819377422333
0.025750610977411270
0.020638523623347282
0.008092828094959259
0.024896813556551933
0.016368946060538292
0.024380197748541832
0.015502822585403919
0.015688929706811905
0.004939205013215542
0.024048173800110817
0.012735160999000072
0.023084780201315880
0.026693589985370636
0.022144319489598274
0.019274530932307243
0.021960156038403511
0.019822638481855392
0.015991153195500374
0.012717550620436668
0.016493527218699455
0.011767978779971600
0.016907522454857826
0.024666184559464455
0.022208707407116890
0.017352133989334106
0.016694527119398117
0.020054221153259277
0.024338105693459511
0.027665466070175171
0.017876511439681053
0.017485901713371277
0.037939708679914474
0.015464350581169128
0.020674452185630798
0.012232901528477669
0.033432424068450928
0.015017358586192131
0.013682356104254723
0.028803050518035889
0.028051856905221939
0.031366519629955292
0.013164817355573177
0.026027670130133629
0.011626840569078922
0.047816485166549683
0.019173918291926384
0.011349091306328773
0.018530949950218201
0.044545229524374008
0.019873324781656265
0.028756320476531982
0.008903338573873043
0.052529048174619675
0.030136881396174431
0.017424866557121277
0.013180725276470184
0.013587605208158493
0.003196156350895762
0.016510810703039169
0.010532693006098270
0.017726153135299683
0.015709226951003075
0.008341601118445396
0.028195498511195183
0.013470973819494247
0.027742527425289154
0.012432530522346497
0.013966283760964870
0.020414907485246658
0.030947305262088776
0.029388535767793655
0.006835035048425198
0.017953986302018166
0.012978637591004372
0.022240841761231422
0.017859047278761864
0.029925888404250145
0.018215278163552284
0.011934802867472172
0.023873854428529739
0.024038350209593773
0.024009145796298981
0.037302233278751373
0.009383414871990681
0.026432536542415619
0.011903263628482819
0.008585769683122635
0.029513295739889145
0.018344789743423462
0.012960952706634998
0.016569249331951141
0.026275994256138802
0.025337155908346176
0.015654075890779495
0.021501118317246437
0.022196896374225616
0.023240949958562851
0.019576601684093475
0.067688837647438049
0.024606667459011078
0.004768888000398874
0.024836475029587746
0.016700398176908493
0.019427437335252762
0.023106725886464119
0.017137948423624039
0.018202763050794601
0.018893785774707794
0.024964623153209686
0.021896215155720711
0.025463327765464783
0.036070972681045532
0.015942584723234177
0.018716631457209587
0.006850055418908596
0.041029084473848343
0.023361882194876671
0.019808001816272736
0.012859144248068333
0.032598417252302170
0.030832096934318542
0.024954251945018768
0.012277373112738132
0.017085477709770203
0.015439711511135101
0.023445622995495796
0.029087450355291367
0.059264261275529861
0.024962544441223145
0.012804265134036541
0.020356005057692528
0.022088022902607918
0.032317262142896652
0.040116127580404282
0.009682375006377697
0.010245974175632000
0.022698450833559036
0.031086383387446404
0.017328809946775436
0.027772884815931320
0.022563483566045761
0.012499203905463219
0.028079088777303696
0.021119697019457817
0.023153526708483696
0.017160160467028618
0.011038113385438919
0.010534692555665970
0.018923185765743256
0.013008761219680309
0.014155686832964420
0.027677983045578003
0.024117195978760719
0.021301945671439171
0.014714493416249752
0.036206897348165512
0.028542982414364815
0.016742777079343796
0.018916208297014236
0.026884825900197029
0.010043452493846416
0.012075486592948437
0.014133878052234650
0.033789377659559250
0.020699197426438332
0.010100512765347958
0.018902169540524483
0.015571786090731621
0.049191713333129883
0.016133684664964676
0.028751406818628311
0.009142077527940273
0.042634569108486176
0.026587782427668571
0.004664809908717871
0.009971833787858486
0.005729114636778831
0.049139380455017090
0.024249831214547157
0.016319265589118004
0.014275834895670414
0.014178733341395855
0.024507399648427963
0.012121804058551788
0.020002998411655426
0.024152746424078941
0.027940075844526291
0.025883728638291359
0.020834684371948242
0.012927275151014328
0.024182025343179703
0.034139674156904221
0.021666634827852249
0.007899425923824310
0.029857853427529335
0.013403858989477158
0.021888211369514465
0.005248367320746183
0.024414319545030594
0.033217053860425949
0.017423843964934349
0.017587775364518166
0.022875910624861717
0.025776606053113937
0.036216754466295242
0.011590442620217800
0.015665043145418167
0.016885923221707344
0.024274479597806931
0.033397831022739410
0.016617512330412865
0.019122079014778137
0.017812618985772133
0.015588534064590931
0.017732121050357819
0.017903972417116165
0.019167825579643250
0.016682825982570648
0.033678244799375534
0.004529200959950686
0.015885861590504646
0.018172979354858398
0.022743979468941689
0.007121065165847540
0.012488458305597305
0.023407991975545883
0.031027581542730331
0.027164487168192863
0.015513273887336254
0.017716715112328529
0.016643408685922623
0.029921999201178551
0.022554408758878708
0.017377762123942375
0.014134867116808891
0.046231195330619812
0.023767272010445595
0.013141980394721031
0.024729043245315552
0.023065650835633278
0.023765381425619125
0.003309980267658830
0.020579233765602112
0.012455279007554054
0.016945911571383476
0.029350530356168747
0.019246477633714676
0.024106673896312714
0.027394391596317291
0.011761953122913837
0.011401072144508362
0.017943710088729858
0.023090230301022530
0.027987340465188026
0.004324100445955992
0.012802498415112495
0.010422368533909321
0.027148179709911346
0.030546059831976891
0.014913826249539852
0.022718993946909904
0.007397200912237167
0.016942394897341728
0.010856999084353447
0.014843769371509552
0.016265084967017174
0.028345277532935143
0.019867526367306709
0.015381332486867905
0.016695475205779076
0.021697355434298515
0.009911283850669861
0.018018359318375587
0.016001610085368156
0.010948691517114639
0.005767434835433960
0.005036083981394768
0.026318969205021858
0.030715757980942726
0.009113083593547344
0.010562920011579990
0.016397969797253609
0.030489938333630562
0.013609230518341064
0.006690484471619129
0.019067358225584030
0.017289064824581146
0.025993866845965385
0.015580182895064354
0.021489480510354042
0.026739833876490593
0.025944394990801811
0.023085840046405792
0.030448231846094131
0.017900913953781128
0.016307318583130836
0.018869470804929733
0.008178941905498505
0.012593770399689674
0.028672881424427032
0.027379380539059639
0.012914308346807957
0.042256738990545273
0.044290255755186081
0.004724597558379173
0.017097719013690948
0.010509403422474861
0.034835360944271088
0.010232080705463886
0.010880196467041969
0.009897049516439438
0.024267785251140594
0.031363174319267273
0.028433185070753098
0.023923065513372421
0.018523385748267174
0.022239083424210548
0.027958335354924202
0.021270783618092537
0.018236806616187096
0.016664072871208191
0.028019057586789131
0.021323500201106071
0.028549632057547569
0.017067072913050652
0.018596991896629333
0.015266749076545238
0.019043169915676117
0.010217034257948399
0.027562730014324188
0.028792250901460648
0.020044816657900810
0.018990669399499893
0.011334514245390892
0.022007668390870094
0.021896015852689743
0.019881486892700195
0.012837232090532780
0.022065201774239540
0.043279517441987991
0.018434092402458191
0.019879294559359550
0.012118837796151638
0.019006960093975067
0.009195211343467236
0.022532746195793152
0.009537900798022747
0.029913723468780518
0.011778917163610458
0.010417484678328037
0.025135649368166924
0.024045182392001152
0.014469953253865242
0.020585196092724800
0.020259717479348183
0.013212418183684349
0.017874332144856453
0.016841376200318336
0.018556840717792511
0.007608223706483841
0.026878690347075462
0.016276732087135315
0.013738083653151989
0.005449708085507154
0.012819490395486355
0.036177162081003189
0.008541559800505638
0.030353136360645294
0.011260125786066055
0.038202866911888123
0.019922146573662758
0.016696242615580559
0.020954631268978119
0.016163490712642670
0.009181517176330090
0.010644947178661823
0.016338219866156578
0.021919596940279007
0.022266956046223640
0.014893198385834694
0.023183777928352356
0.014378391206264496
0.013713464140892029
0.018359735608100891
0.020983953028917313
0.024619346484541893
0.023726273328065872
0.022279582917690277
0.018139777705073357
0.020318867638707161
0.003983012400567532
0.019480021670460701
0.027284286916255951
0.028425466269254684
0.023305173963308334
0.028358578681945801
0.006876644678413868
0.012102071195840836
0.011682818643748760
0.038712885230779648
0.016494030132889748
0.020910898223519325
0.019379392266273499
0.014408703893423080
0.015669157728552818
0.009921620599925518
0.030646113678812981
0.014635481871664524
0.014432342723011971
0.040782988071441650
0.017920520156621933
0.018564896658062935
0.014059202745556831
0.020364321768283844
0.024347376078367233
0.021271098405122757
0.016968864947557449
0.016636684536933899
0.011990124359726906
0.031063219532370567
0.005981943104416132
0.027175722643733025
0.025191672146320343
0.025004472583532333
0.010162761434912682
0.023460919037461281
0.029223248362541199
0.010756267234683037
0.017913503572344780
0.009306344203650951
0.025530593469738960
0.016042144969105721
0.012557895854115486
0.018730420619249344
0.013725144788622856
0.030773811042308807
0.011870154179632664
0.037627726793289185
0.017583841457962990
0.017253600060939789
0.026001611724495888
0.018344962969422340
0.018617825582623482
0.013726171106100082
0.034435473382472992
0.014385167509317398
0.011154484935104847
