-2.323023527860641479e-01
-2.009348124265670776e-01
-1.229724287986755371e-01
-1.101892963051795959e-01
-9.445244073867797852e-02
-1.072727739810943604e-01
-1.357402652502059937e-01
-1.953831315040588379e-01
-1.825568974018096924e-01
-1.890052855014801025e-01
-1.432053744792938232e-01
-1.667124181985855103e-01
-1.086370199918746948e-01
-1.213444173336029053e-01
-1.613624989986419678e-01
-1.108524203300476074e-01
-1.794117689132690430e-01
-1.852876394987106323e-01
-1.421036422252655029e-01
-1.548691838979721069e-01
-1.322166621685028076e-01
-1.870405673980712891e-01
-1.729720830917358398e-01
-1.042224317789077759e-01
-1.546694785356521606e-01
-1.679189801216125488e-01
-1.846089363098144531e-01
-1.567980051040649414e-01
-1.340124905109405518e-01
-7.855074852705001831e-02
-1.663645207881927490e-01
-1.481404751539230347e-01
-1.538031101226806641e-01
-1.475440710783004761e-01
-1.475515067577362061e-01
-1.408903449773788452e-01
-2.402233183383941650e-01
-7.072620093822479248e-02
-5.152145028114318848e-02
-1.051761507987976074e-01
-1.535363048315048218e-01
-2.513973116874694824e-01
-1.962792724370956421e-01
-1.318278312683105469e-01
-1.389416009187698364e-01
-1.726491600275039673e-01
-2.068543583154678345e-01
-1.794200688600540161e-01
-7.091078162193298340e-02
-1.851284950971603394e-01
-1.336832046508789062e-01
-9.825225919485092163e-02
-1.462555974721908569e-01
-1.685096472501754761e-01
-1.354660540819168091e-01
-1.603251248598098755e-01
-1.007509231567382812e-01
-1.787496954202651978e-01
-2.179913371801376343e-01
-1.459664404392242432e-01
-1.948047876358032227e-01
-1.347960978746414185e-01
-2.019717246294021606e-01
-1.970828920602798462e-01
-1.879685074090957642e-01
-9.110005944967269897e-02
-1.778194159269332886e-01
-1.945193260908126831e-01
-7.900148630142211914e-02
-2.137669324874877930e-01
-1.080316081643104553e-01
-1.863280087709426880e-01
-1.486943960189819336e-01
-1.819697618484497070e-01
-1.089885309338569641e-01
-1.556021124124526978e-01
-1.834335029125213623e-01
-1.325266659259796143e-01
-1.903072297573089600e-01
-1.286598742008209229e-01
-1.414484530687332153e-01
-9.782434999942779541e-02
-9.613855183124542236e-02
-1.061790138483047485e-01
-1.628030389547348022e-01
-1.549326926469802856e-01
-1.931159943342208862e-01
-1.079900413751602173e-01
-1.672862321138381958e-01
1.597362942993640900e-02
-1.061031445860862732e-01
-8.203502744436264038e-02
-1.730395108461380005e-01
-1.498053669929504395e-01
-1.451145708560943604e-01
-1.533229649066925049e-01
-6.214858219027519226e-02
-1.445308029651641846e-01
-9.181845933198928833e-02
-1.844414621591567993e-01
-2.000630646944046021e-01
-1.959920376539230347e-01
-2.815859615802764893e-01
-1.050187572836875916e-01
-8.271390199661254883e-02
-9.670794010162353516e-02
-1.906637549400329590e-01
-2.044791728258132935e-01
-1.424579769372940063e-01
-1.721932590007781982e-01
-1.856309771537780762e-01
-1.480871289968490601e-01
-5.000228062272071838e-02
-1.963708847761154175e-01
-2.529361248016357422e-01
-1.305163055658340454e-01
-1.832555085420608521e-01
-1.009955629706382751e-01
-1.678240746259689331e-01
-9.041354805231094360e-02
-1.420942246913909912e-01
-1.828875690698623657e-01
-1.482793092727661133e-01
-1.603570431470870972e-01
-2.043623626232147217e-01
-2.469921857118606567e-01
-2.574372887611389160e-01
4.114289209246635437e-02
-1.045813933014869690e-01
-9.869019687175750732e-02
-1.557441949844360352e-01
-1.562969684600830078e-01
-1.190088838338851929e-01
-5.365762487053871155e-02
-1.004444211721420288e-01
-1.289479285478591919e-01
-1.472223401069641113e-01
-1.176883652806282043e-01
-1.000816449522972107e-01
-1.697491854429244995e-01
-1.182162389159202576e-01
-1.077791079878807068e-01
-9.816034883260726929e-02
-8.479228615760803223e-02
-1.159114018082618713e-01
-2.129625082015991211e-01
-1.835775822401046753e-01
-1.310228854417800903e-01
-1.298302412033081055e-01
-1.068091318011283875e-01
-1.665281653404235840e-01
-1.800426691770553589e-01
-1.907566040754318237e-01
-1.894262731075286865e-01
-1.792871057987213135e-01
-1.247784122824668884e-01
-1.583507955074310303e-01
-1.221136189997196198e-02
-1.105238795280456543e-01
-5.582395195960998535e-02
-1.280805468559265137e-01
-9.000491350889205933e-02
-1.076907068490982056e-01
-3.622443974018096924e-02
-1.807730644941329956e-01
-1.683869659900665283e-01
-1.897428929805755615e-01
-1.343596875667572021e-01
-1.439463049173355103e-01
-1.050966829061508179e-01
-1.875165700912475586e-01
-1.760321855545043945e-01
-6.016256660223007202e-02
-1.801084727048873901e-01
-1.496649235486984253e-01
-9.292100369930267334e-02
-1.681580692529678345e-01
-1.124199554324150085e-01
-2.335183322429656982e-01
-1.391732394695281982e-01
-1.583722084760665894e-01
-1.489377617835998535e-01
-8.312068879604339600e-02
-1.164645329117774963e-01
-1.117493733763694763e-01
-1.484834104776382446e-01
-2.255284488201141357e-01
-9.497757256031036377e-02
-3.207841515541076660e-01
-1.578856855630874634e-01
-2.568212747573852539e-01
-9.625802934169769287e-02
-1.539727002382278442e-01
-9.977746009826660156e-02
-1.361682862043380737e-01
-2.134956866502761841e-01
-2.037316262722015381e-01
-1.357038319110870361e-01
-1.212702542543411255e-01
-1.101773753762245178e-01
-1.943916231393814087e-01
-1.846333444118499756e-01
-1.457259058952331543e-01
-1.199952065944671631e-01
-1.514652371406555176e-01
-1.240475475788116455e-01
-1.507399231195449829e-01
-1.458789557218551636e-01
-1.838277578353881836e-01
-1.382774487137794495e-02
-1.594380140304565430e-01
-1.893590092658996582e-01
-1.916323006153106689e-01
-9.718126058578491211e-02
-1.900133490562438965e-01
-6.230973452329635620e-02
-1.020578369498252869e-01
-9.989526867866516113e-02
-2.354423701763153076e-01
-2.059897035360336304e-01
-1.586817502975463867e-01
-9.654284268617630005e-02
-4.402127489447593689e-02
-1.450414210557937622e-01
-2.433118522167205811e-01
-1.366299539804458618e-01
-1.434731036424636841e-01
-1.234338805079460144e-01
-9.957633167505264282e-02
-1.855437606573104858e-01
-1.259088814258575439e-01
-1.712855845689773560e-01
-2.071475833654403687e-01
3.674559891223907471e-01
-1.830469816923141479e-01
-8.249634504318237305e-02
-1.592483073472976685e-01
4.766775965690612793e-01
-1.776319742202758789e-01
-2.842099666595458984e-01
-1.735480129718780518e-01
-2.586889564990997314e-01
-9.180736541748046875e-02
-7.021056115627288818e-02
-1.916681826114654541e-01
-2.315922528505325317e-01
-1.424914896488189697e-01
-2.009314149618148804e-01
-1.624591499567031860e-01
-5.056685581803321838e-02
-1.746870726346969604e-01
-1.638205349445343018e-01
-8.413074910640716553e-02
-5.489497631788253784e-02
-1.515512764453887939e-01
-2.359593659639358521e-01
-1.171909123659133911e-01
-1.092220246791839600e-01
-3.786118002608418465e-03
-1.679281145334243774e-01
-1.220462918281555176e-01
-6.456016004085540771e-02
-1.782588362693786621e-01
-1.515053808689117432e-01
-5.118704214692115784e-02
-9.179519116878509521e-02
-8.158525079488754272e-02
-1.420720964670181274e-01
-1.359372138977050781e-01
8.302551694214344025e-03
-2.484459877014160156e-01
-1.884482651948928833e-01
-7.359181344509124756e-02
-1.138938143849372864e-01
-2.213219702243804932e-01
-1.779654920101165771e-01
-1.929097473621368408e-01
-1.702588945627212524e-01
-1.334468722343444824e-01
-2.095522135496139526e-01
-1.853177249431610107e-01
-1.165829822421073914e-01
-1.438176333904266357e-01
-1.880776882171630859e-01
1.436486393213272095e-01
-6.861230731010437012e-02
-1.420915573835372925e-01
-1.335023790597915649e-01
-1.524473279714584351e-01
-2.321891635656356812e-01
-2.405842393636703491e-01
-8.705594390630722046e-02
-1.396626532077789307e-01
-1.480484008789062500e-01
-1.511750221252441406e-01
-1.261804252862930298e-01
-1.243971660733222961e-01
-1.172836050391197205e-01
-1.291182488203048706e-01
-1.326123625040054321e-01
-1.113366112112998962e-01
-2.079835981130599976e-01
-1.329106837511062622e-01
-1.497547924518585205e-01
-1.469427794218063354e-01
-1.714927405118942261e-01
-1.089675426483154297e-01
-1.383236348628997803e-01
-4.702631756663322449e-02
-1.454028636217117310e-01
-1.737104207277297974e-01
-2.442585527896881104e-01
-1.301771551370620728e-01
-8.299938589334487915e-02
-1.078424379229545593e-01
-1.337760835886001587e-01
-1.451200842857360840e-01
-1.278434097766876221e-01
-1.947363764047622681e-01
-8.765450865030288696e-02
-1.287594735622406006e-01
-1.151078939437866211e-01
-1.809116452932357788e-01
-1.067652180790901184e-01
-1.796562224626541138e-01
-1.598732471466064453e-01
-1.411305069923400879e-01
-2.104452699422836304e-01
-1.189248338341712952e-01
-1.547647565603256226e-01
-1.769102215766906738e-01
-2.151664048433303833e-01
-2.548837065696716309e-01
-1.977019757032394409e-01
-1.384505778551101685e-01
-2.339019924402236938e-01
-2.481231838464736938e-01
-9.779888391494750977e-02
-9.788941591978073120e-02
-6.974835693836212158e-02
-1.257246285676956177e-01
-9.270340949296951294e-02
-1.224350556731224060e-01
-1.985844969749450684e-01
-1.570499688386917114e-01
-1.845300048589706421e-01
-1.943642348051071167e-01
-1.406687349081039429e-01
-1.315085738897323608e-01
-1.656868308782577515e-01
-1.822917759418487549e-01
-1.972628682851791382e-01
-1.309633553028106689e-01
-1.541836559772491455e-01
-1.280431896448135376e-01
-5.700972676277160645e-02
-1.537618488073348999e-01
-1.152265593409538269e-01
-1.496213823556900024e-01
-4.769784212112426758e-02
-1.515058875083923340e-01
-1.120959818363189697e-01
-1.667237877845764160e-01
-1.650586128234863281e-01
-4.146025329828262329e-02
-1.299151033163070679e-01
-1.687752008438110352e-01
-1.143000721931457520e-01
-5.638083815574645996e-02
-7.918635755777359009e-02
-2.140267491340637207e-01
-1.534663289785385132e-01
-3.086622357368469238e-01
-1.926602423191070557e-01
-1.168257445096969604e-01
-1.704497486352920532e-01
-1.362372934818267822e-01
-1.537947058677673340e-01
-8.035378158092498779e-02
-1.525800228118896484e-01
-1.124607473611831665e-01
-1.437790840864181519e-01
-5.654032155871391296e-02
-9.185378253459930420e-02
-1.429989337921142578e-01
-1.172611117362976074e-01
-2.215131223201751709e-01
-1.624382287263870239e-01
-2.276749759912490845e-01
-1.164851784706115723e-01
-1.816478669643402100e-01
-8.987548202276229858e-02
-5.362836644053459167e-02
-1.443322449922561646e-01
-1.538893729448318481e-01
-1.223327964544296265e-01
-1.395702660083770752e-01
-1.890933513641357422e-01
-1.502419263124465942e-01
-1.521738171577453613e-01
-1.075242757797241211e-01
-8.104221522808074951e-02
-1.275997608900070190e-01
-2.211778312921524048e-01
-7.470458000898361206e-02
-1.312709450721740723e-01
-1.488000303506851196e-01
-1.831517815589904785e-01
-1.004699096083641052e-01
-1.688251346349716187e-01
-2.087397128343582153e-01
-2.055168449878692627e-01
-5.627232044935226440e-02
-1.815495043992996216e-01
-7.920808345079421997e-02
-1.381086409091949463e-01
-9.258983284235000610e-02
-1.135540977120399475e-01
-2.199741005897521973e-01
-1.026141792535781860e-01
-1.947319060564041138e-01
-8.915728330612182617e-02
-1.710750758647918701e-01
-6.609028577804565430e-02
-1.989445835351943970e-01
-1.248509883880615234e-01
-1.796682476997375488e-01
-2.079421579837799072e-01
-1.755407452583312988e-01
-9.120420366525650024e-02
-3.121708929538726807e-01
-1.278229802846908569e-01
-1.374089568853378296e-01
-2.121801823377609253e-01
-1.039859205484390259e-01
-1.104337796568870544e-01
-2.023326307535171509e-01
-1.358468383550643921e-01
-1.437264829874038696e-01
-1.378315389156341553e-01
-1.534564346075057983e-01
-1.709112226963043213e-01
-2.459880709648132324e-01
-1.195251494646072388e-01
-1.223772987723350525e-01
-1.485049724578857422e-01
-2.050445377826690674e-01
-1.663107126951217651e-01
-1.217963993549346924e-01
-1.084256991744041443e-01
-8.432926982641220093e-02
-1.545390188694000244e-01
-1.624368280172348022e-01
-4.020562022924423218e-02
-9.477367997169494629e-02
-1.233488321304321289e-01
-1.247421503067016602e-01
-9.485618025064468384e-02
-1.890391707420349121e-01
-1.408967375755310059e-01
-1.957491189241409302e-01
-1.520678699016571045e-01
-1.791188567876815796e-01
-1.771128922700881958e-01
-7.988742738962173462e-02
-1.515135318040847778e-01
-2.390025705099105835e-01
-9.785997122526168823e-02
-1.373930275440216064e-01
-1.727796643972396851e-01
-8.931585401296615601e-02
-2.171595990657806396e-01
-1.526958942413330078e-01
-1.728255897760391235e-01
-1.135887131094932556e-01
-1.324743926525115967e-01
-2.202710956335067749e-01
-1.285116672515869141e-01
-1.800114810466766357e-01
-2.359555512666702271e-01
-1.478040218353271484e-01
-8.599773794412612915e-02
-1.360194981098175049e-01
-1.365894824266433716e-01
-1.958166211843490601e-01
-1.150212213397026062e-01
-1.825749129056930542e-01
-2.315341830253601074e-01
-1.287864297628402710e-01
-2.191976904869079590e-01
-9.438588470220565796e-02
-1.645134091377258301e-01
-1.988521069288253784e-01
-1.677412539720535278e-01
-1.950785964727401733e-01
-1.834865808486938477e-01
-5.183669924736022949e-02
-9.164033830165863037e-02
-1.563579738140106201e-01
-1.526777446269989014e-01
-1.834484785795211792e-01
-1.424009352922439575e-01
-4.841651394963264465e-02
-7.991908490657806396e-02
-9.299807250499725342e-02
-9.365026652812957764e-02
-1.105070486664772034e-01
-1.593634784221649170e-01
-1.454339325428009033e-01
-2.459405213594436646e-01
-7.552480697631835938e-02
-2.105943560600280762e-01
