2.427377849817276001e-01
2.232292592525482178e-01
2.510876655578613281e-01
2.288248091936111450e-01
2.074124515056610107e-01
2.905409038066864014e-01
2.482324838638305664e-01
3.102150857448577881e-01
2.748746573925018311e-01
2.892304062843322754e-01
2.447532862424850464e-01
1.759286522865295410e-01
2.426162660121917725e-01
2.779982984066009521e-01
2.315060496330261230e-01
2.631056308746337891e-01
3.383134901523590088e-01
2.784661352634429932e-01
2.535692155361175537e-01
2.989450991153717041e-01
2.335321456193923950e-01
2.812485098838806152e-01
3.485730290412902832e-01
2.778219580650329590e-01
2.280339151620864868e-01
2.546805739402770996e-01
3.031980395317077637e-01
2.467622309923171997e-01
2.512190043926239014e-01
2.972922623157501221e-01
2.576639056205749512e-01
3.199878633022308350e-01
2.384660840034484863e-01
2.713714838027954102e-01
2.531534731388092041e-01
2.625159919261932373e-01
3.343730866909027100e-01
2.626341581344604492e-01
1.837691068649291992e-01
2.839008867740631104e-01
2.186756283044815063e-01
2.665514945983886719e-01
2.858180999755859375e-01
2.471103668212890625e-01
2.914572060108184814e-01
2.331553548574447632e-01
2.637422680854797363e-01
2.691463530063629150e-01
2.432480901479721069e-01
2.384331226348876953e-01
2.356012314558029175e-01
2.525137960910797119e-01
2.563535571098327637e-01
2.450726777315139771e-01
2.528946995735168457e-01
2.522498965263366699e-01
2.799555361270904541e-01
3.165023028850555420e-01
2.339719682931900024e-01
2.633537352085113525e-01
2.568827867507934570e-01
1.941764056682586670e-01
2.621033489704132080e-01
2.205022722482681274e-01
2.300720065832138062e-01
2.322530001401901245e-01
2.810939848423004150e-01
1.897402405738830566e-01
2.279815375804901123e-01
3.471828103065490723e-01
2.716875076293945312e-01
3.191234171390533447e-01
2.439887523651123047e-01
2.718945443630218506e-01
2.781386375427246094e-01
2.261620163917541504e-01
3.443878591060638428e-01
2.647840082645416260e-01
2.725355625152587891e-01
2.851118445396423340e-01
2.038874924182891846e-01
2.935105860233306885e-01
2.742284834384918213e-01
2.773992717266082764e-01
2.653615772724151611e-01
2.430143207311630249e-01
2.721394002437591553e-01
2.708339691162109375e-01
3.085374832153320312e-01
2.895270884037017822e-01
2.595863640308380127e-01
2.147006839513778687e-01
3.118614852428436279e-01
3.449439704418182373e-01
2.261809259653091431e-01
2.813674807548522949e-01
2.326029092073440552e-01
2.712189555168151855e-01
2.636898458003997803e-01
2.323185950517654419e-01
3.333193361759185791e-01
2.714238762855529785e-01
2.991365790367126465e-01
2.746709883213043213e-01
2.515428364276885986e-01
2.394129782915115356e-01
2.708573937416076660e-01
2.835722267627716064e-01
2.865769863128662109e-01
2.407965213060379028e-01
2.560051679611206055e-01
2.048296779394149780e-01
2.394138276576995850e-01
2.813268899917602539e-01
3.267184793949127197e-01
2.760525345802307129e-01
2.122685313224792480e-01
2.715426087379455566e-01
2.540188431739807129e-01
2.770940363407135010e-01
3.208904862403869629e-01
1.905105113983154297e-01
3.989118933677673340e-01
2.675780951976776123e-01
2.356628626585006714e-01
2.169382274150848389e-01
3.215552270412445068e-01
3.595968484878540039e-01
2.838375568389892578e-01
2.648362219333648682e-01
2.702109813690185547e-01
2.468568235635757446e-01
2.442007362842559814e-01
2.552785873413085938e-01
2.598542869091033936e-01
2.692508101463317871e-01
2.398683279752731323e-01
2.699905931949615479e-01
2.062761336565017700e-01
2.711236774921417236e-01
2.833619415760040283e-01
2.780726253986358643e-01
2.528743147850036621e-01
2.013083249330520630e-01
2.343086898326873779e-01
2.081806659698486328e-01
3.063405752182006836e-01
1.635212898254394531e-01
2.672992646694183350e-01
2.197242230176925659e-01
2.787007689476013184e-01
2.723646163940429688e-01
2.744396328926086426e-01
2.287240773439407349e-01
2.969220876693725586e-01
2.662412524223327637e-01
2.982289195060729980e-01
2.395611852407455444e-01
3.039064109325408936e-01
2.319246977567672729e-01
2.772749364376068115e-01
2.660732269287109375e-01
2.898074090480804443e-01
2.489477097988128662e-01
3.059930503368377686e-01
2.612396180629730225e-01
2.937312424182891846e-01
3.045442998409271240e-01
2.998582124710083008e-01
2.580038011074066162e-01
2.092650979757308960e-01
2.713662981986999512e-01
2.992702722549438477e-01
2.678893804550170898e-01
2.962958514690399170e-01
2.753840982913970947e-01
2.579530477523803711e-01
2.565689682960510254e-01
2.633754014968872070e-01
2.325448989868164062e-01
2.441522777080535889e-01
2.934021651744842529e-01
2.397762387990951538e-01
2.631490230560302734e-01
2.850504815578460693e-01
2.869579493999481201e-01
2.238893955945968628e-01
2.409930378198623657e-01
2.675890028476715088e-01
2.681111693382263184e-01
2.638310194015502930e-01
2.731739580631256104e-01
2.811678051948547363e-01
2.202543467283248901e-01
2.669692039489746094e-01
2.764364480972290039e-01
2.549756169319152832e-01
3.160481154918670654e-01
2.888162136077880859e-01
2.614682018756866455e-01
2.178145349025726318e-01
2.484949827194213867e-01
2.413649559020996094e-01
2.797534167766571045e-01
2.872321009635925293e-01
2.767269611358642578e-01
2.551496326923370361e-01
2.429317086935043335e-01
2.458786368370056152e-01
3.287935853004455566e-01
3.024166226387023926e-01
2.911767661571502686e-01
2.625246345996856689e-01
3.019300699234008789e-01
2.643174231052398682e-01
2.720789015293121338e-01
2.107627093791961670e-01
2.367523163557052612e-01
2.269015163183212280e-01
1.988195627927780151e-01
2.830300331115722656e-01
2.569105327129364014e-01
2.349377721548080444e-01
2.755296528339385986e-01
2.442063987255096436e-01
2.716962099075317383e-01
2.746902406215667725e-01
2.785270214080810547e-01
2.515531480312347412e-01
2.226589024066925049e-01
2.782689630985260010e-01
2.464692443609237671e-01
2.651564776897430420e-01
2.641235291957855225e-01
2.960168421268463135e-01
2.671271860599517822e-01
2.678675651550292969e-01
2.537127733230590820e-01
2.847134172916412354e-01
2.507002055644989014e-01
2.524508833885192871e-01
2.023837566375732422e-01
2.310721874237060547e-01
2.617716491222381592e-01
2.764184176921844482e-01
3.031032979488372803e-01
2.451681345701217651e-01
2.715599536895751953e-01
2.273295074701309204e-01
2.294521480798721313e-01
2.611163258552551270e-01
2.328954637050628662e-01
2.689715325832366943e-01
2.752590477466583252e-01
2.736578583717346191e-01
2.590120732784271240e-01
2.420711815357208252e-01
2.685114741325378418e-01
3.391795456409454346e-01
3.072524070739746094e-01
1.370756030082702637e-01
3.650105893611907959e-01
2.980361878871917725e-01
2.459686100482940674e-01
2.487113326787948608e-01
2.912474274635314941e-01
2.703538835048675537e-01
2.559928894042968750e-01
2.212795615196228027e-01
2.568742334842681885e-01
2.661191225051879883e-01
2.367222607135772705e-01
2.741767466068267822e-01
2.847011387348175049e-01
3.055019676685333252e-01
2.670616507530212402e-01
2.818619012832641602e-01
2.790524363517761230e-01
2.401209026575088501e-01
2.549135088920593262e-01
2.210470139980316162e-01
3.507246077060699463e-01
2.852113544940948486e-01
2.162232995033264160e-01
2.821363210678100586e-01
2.369358241558074951e-01
2.905229032039642334e-01
2.826471924781799316e-01
2.300018370151519775e-01
2.744611203670501709e-01
2.437437921762466431e-01
2.522031366825103760e-01
2.488983422517776489e-01
2.395291179418563843e-01
2.850600183010101318e-01
2.886838614940643311e-01
2.621054053306579590e-01
2.500215172767639160e-01
2.689169049263000488e-01
2.427131086587905884e-01
3.009624183177947998e-01
3.066568374633789062e-01
2.861058712005615234e-01
2.387442588806152344e-01
2.461617439985275269e-01
2.859281003475189209e-01
2.550252079963684082e-01
2.630292177200317383e-01
2.441635727882385254e-01
2.145439386367797852e-01
2.897635698318481445e-01
2.282320857048034668e-01
2.326761782169342041e-01
2.242148816585540771e-01
2.737577855587005615e-01
2.484820485115051270e-01
2.378693670034408569e-01
3.057871162891387939e-01
2.797791361808776855e-01
2.761062085628509521e-01
2.251517474651336670e-01
2.866247594356536865e-01
2.660063207149505615e-01
3.250345587730407715e-01
2.612147629261016846e-01
2.767182886600494385e-01
3.205413222312927246e-01
2.932449877262115479e-01
3.183255493640899658e-01
2.938817441463470459e-01
3.102581501007080078e-01
2.552990019321441650e-01
2.980731129646301270e-01
3.667456507682800293e-01
3.086386024951934814e-01
2.253845334053039551e-01
2.351824194192886353e-01
2.347860038280487061e-01
2.554692924022674561e-01
2.597048580646514893e-01
2.368744015693664551e-01
3.017471134662628174e-01
2.775969207286834717e-01
2.728266716003417969e-01
3.174453675746917725e-01
2.785488069057464600e-01
2.721215784549713135e-01
2.637065351009368896e-01
2.702002227306365967e-01
3.633147478103637695e-01
2.868964672088623047e-01
2.675371170043945312e-01
3.404590487480163574e-01
2.586972415447235107e-01
2.731868326663970947e-01
2.746707201004028320e-01
2.821373045444488525e-01
2.750318348407745361e-01
2.629617452621459961e-01
2.018252909183502197e-01
2.357593923807144165e-01
3.034360706806182861e-01
3.155341744422912598e-01
3.012801110744476318e-01
2.774862349033355713e-01
2.510894536972045898e-01
2.944822013378143311e-01
1.604817956686019897e-01
2.825148105621337891e-01
2.964177131652832031e-01
2.193566858768463135e-01
2.060850113630294800e-01
2.332003414630889893e-01
2.347643673419952393e-01
2.663151025772094727e-01
2.542687058448791504e-01
2.926658689975738525e-01
2.214892208576202393e-01
2.521013915538787842e-01
2.827153801918029785e-01
1.993259042501449585e-01
2.453156113624572754e-01
2.597242295742034912e-01
2.653646767139434814e-01
2.756746411323547363e-01
2.649623751640319824e-01
2.444073259830474854e-01
2.949047386646270752e-01
2.307846993207931519e-01
3.070801794528961182e-01
1.903913319110870361e-01
3.024152517318725586e-01
2.786322832107543945e-01
3.659394085407257080e-01
2.966245114803314209e-01
2.745621502399444580e-01
2.449382692575454712e-01
2.201485931873321533e-01
2.563529908657073975e-01
2.852684557437896729e-01
2.391657531261444092e-01
2.457266896963119507e-01
2.466692477464675903e-01
2.374183386564254761e-01
2.663652896881103516e-01
2.459667921066284180e-01
3.181875050067901611e-01
1.793433278799057007e-01
2.378755807876586914e-01
2.595817148685455322e-01
2.847203016281127930e-01
2.452166825532913208e-01
1.974153667688369751e-01
2.387872338294982910e-01
2.948510646820068359e-01
2.878848910331726074e-01
2.786046564579010010e-01
2.764642238616943359e-01
3.296095132827758789e-01
2.530117928981781006e-01
2.689774334430694580e-01
2.547309696674346924e-01
2.333378791809082031e-01
2.348266839981079102e-01
2.689668536186218262e-01
2.717705368995666504e-01
2.678896486759185791e-01
2.515605688095092773e-01
2.710410356521606445e-01
2.366291731595993042e-01
2.601490914821624756e-01
2.764312624931335449e-01
2.879927456378936768e-01
2.007674723863601685e-01
2.636710405349731445e-01
2.263242453336715698e-01
2.510571479797363281e-01
2.604474127292633057e-01
2.805250883102416992e-01
2.988886833190917969e-01
2.965372800827026367e-01
2.596915960311889648e-01
2.767331004142761230e-01
2.552579045295715332e-01
2.958954274654388428e-01
2.512133121490478516e-01
2.925141453742980957e-01
3.008358776569366455e-01
2.422808855772018433e-01
2.393874675035476685e-01
2.708261013031005859e-01
3.704416155815124512e-01
2.879283428192138672e-01
2.532275319099426270e-01
2.248442023992538452e-01
2.022892832756042480e-01
2.279217541217803955e-01
2.365831881761550903e-01
3.082018792629241943e-01
2.979562580585479736e-01
2.909086942672729492e-01
2.777484059333801270e-01
4.293074011802673340e-01
2.658002078533172607e-01
2.940448522567749023e-01
2.417936772108078003e-01
2.816458940505981445e-01
3.246918022632598877e-01
2.646622657775878906e-01
2.216088920831680298e-01
2.757796645164489746e-01
2.421254664659500122e-01
2.077750414609909058e-01
2.332353442907333374e-01
2.270657718181610107e-01
2.611170113086700439e-01
3.650406301021575928e-01
2.016526460647583008e-01
2.597688734531402588e-01
2.159592062234878540e-01
2.641156315803527832e-01
1.407710015773773193e-01
2.664222717285156250e-01
2.501560449600219727e-01
2.552991509437561035e-01
2.226988375186920166e-01
2.416968494653701782e-01
2.696312069892883301e-01
2.388179451227188110e-01
2.832970023155212402e-01
2.333215475082397461e-01
2.666757702827453613e-01
2.224274575710296631e-01
2.691189646720886230e-01
2.709810733795166016e-01
2.458624690771102905e-01
2.673642635345458984e-01
2.429619729518890381e-01
2.593450248241424561e-01
1.851157248020172119e-01
2.950064837932586670e-01
3.663975596427917480e-01
2.211765348911285400e-01
3.025954365730285645e-01
1.840275377035140991e-01
3.443385362625122070e-01
2.139921635389328003e-01
3.716553449630737305e-01
2.360019683837890625e-01
3.080537915229797363e-01
2.638474106788635254e-01
2.233179807662963867e-01
