4.474227726459503174e-01
5.137531757354736328e-01
4.335167407989501953e-01
3.421050906181335449e-01
3.855438232421875000e-01
3.495209813117980957e-01
3.741389811038970947e-01
5.836428403854370117e-01
4.327345788478851318e-01
5.042855143547058105e-01
4.617724120616912842e-01
3.866467773914337158e-01
3.498114645481109619e-01
4.797827899456024170e-01
3.310325443744659424e-01
3.913148045539855957e-01
3.880162239074707031e-01
5.225046873092651367e-01
3.974716067314147949e-01
3.292293846607208252e-01
4.151055216789245605e-01
4.458454251289367676e-01
3.970020413398742676e-01
3.613666892051696777e-01
3.913852274417877197e-01
4.632904529571533203e-01
3.462940454483032227e-01
3.643814325332641602e-01
3.271552324295043945e-01
4.584158062934875488e-01
4.280113577842712402e-01
4.538010656833648682e-01
4.030207097530364990e-01
4.672819375991821289e-01
4.208683669567108154e-01
3.987379670143127441e-01
4.232880473136901855e-01
3.875621855258941650e-01
4.211875796318054199e-01
3.459875881671905518e-01
3.522398471832275391e-01
3.743801116943359375e-01
4.550019502639770508e-01
2.887760400772094727e-01
4.590122699737548828e-01
4.816501736640930176e-01
4.449677765369415283e-01
5.110176205635070801e-01
4.052375257015228271e-01
4.246511161327362061e-01
3.557924330234527588e-01
3.074767589569091797e-01
4.461942911148071289e-01
4.723670780658721924e-01
4.253366589546203613e-01
3.884013295173645020e-01
4.492490291595458984e-01
3.727372586727142334e-01
4.630204737186431885e-01
3.984897434711456299e-01
3.512438833713531494e-01
3.665372431278228760e-01
3.860021829605102539e-01
5.081607699394226074e-01
4.021540582180023193e-01
3.458356857299804688e-01
4.804511964321136475e-01
5.390289425849914551e-01
4.223318994045257568e-01
4.275242686271667480e-01
4.589861929416656494e-01
4.736475646495819092e-01
3.672945499420166016e-01
5.405332446098327637e-01
3.243117928504943848e-01
5.177598595619201660e-01
4.743307828903198242e-01
3.505928218364715576e-01
3.758658170700073242e-01
4.327655434608459473e-01
3.867323994636535645e-01
4.590521752834320068e-01
3.842938542366027832e-01
4.981631934642791748e-01
5.288479328155517578e-01
3.945912718772888184e-01
4.589177966117858887e-01
3.197010159492492676e-01
4.676300585269927979e-01
4.806150496006011963e-01
4.308067858219146729e-01
4.235473573207855225e-01
3.283793628215789795e-01
3.877042233943939209e-01
4.140364825725555420e-01
4.469090402126312256e-01
4.041495621204376221e-01
4.406655728816986084e-01
4.356470406055450439e-01
5.120188593864440918e-01
5.058908462524414062e-01
4.627594351768493652e-01
4.585191905498504639e-01
3.310974836349487305e-01
3.424002826213836670e-01
4.149939417839050293e-01
5.170319080352783203e-01
4.593192934989929199e-01
5.227859616279602051e-01
4.251655936241149902e-01
4.214233756065368652e-01
4.995167851448059082e-01
4.098264276981353760e-01
5.379564762115478516e-01
4.873782396316528320e-01
3.719024062156677246e-01
4.649468660354614258e-01
4.319606125354766846e-01
3.276713192462921143e-01
3.743422329425811768e-01
4.360162317752838135e-01
4.838316738605499268e-01
4.399202167987823486e-01
3.763236701488494873e-01
4.149789810180664062e-01
5.146634578704833984e-01
5.011795163154602051e-01
4.381828010082244873e-01
3.654829561710357666e-01
4.036757946014404297e-01
4.497629106044769287e-01
4.719932377338409424e-01
3.913598060607910156e-01
3.237455189228057861e-01
3.208351731300354004e-01
3.224073946475982666e-01
4.290841221809387207e-01
4.009344279766082764e-01
3.946906328201293945e-01
3.778773844242095947e-01
4.348940253257751465e-01
4.120237231254577637e-01
3.274083733558654785e-01
4.334268867969512939e-01
3.739860057830810547e-01
4.188868701457977295e-01
4.287517666816711426e-01
3.071455061435699463e-01
4.260344803333282471e-01
3.410150706768035889e-01
4.374951124191284180e-01
4.406907558441162109e-01
3.749631345272064209e-01
5.852533578872680664e-01
4.517942965030670166e-01
5.045263767242431641e-01
3.005176484584808350e-01
4.968134164810180664e-01
4.154897928237915039e-01
3.755105137825012207e-01
5.513712167739868164e-01
4.146434068679809570e-01
4.677056372165679932e-01
1.404217630624771118e-01
5.000849962234497070e-01
4.192932248115539551e-01
4.245614707469940186e-01
4.451501965522766113e-01
5.109062194824218750e-01
4.488339126110076904e-01
4.573717415332794189e-01
3.896475732326507568e-01
4.144642651081085205e-01
4.497215449810028076e-01
4.245245456695556641e-01
3.970516324043273926e-01
3.957121074199676514e-01
4.071840047836303711e-01
5.304835438728332520e-01
4.986462295055389404e-01
3.733232319355010986e-01
4.279784858226776123e-01
3.469139933586120605e-01
4.178072512149810791e-01
3.766069710254669189e-01
4.029214680194854736e-01
3.813791275024414062e-01
4.493353664875030518e-01
5.132305622100830078e-01
4.079518020153045654e-01
4.155102670192718506e-01
3.635283708572387695e-01
4.391084015369415283e-01
3.488683104515075684e-01
4.227533042430877686e-01
4.833261966705322266e-01
3.493866920471191406e-01
4.406057000160217285e-01
3.794937729835510254e-01
4.297522902488708496e-01
4.910196363925933838e-01
3.878321945667266846e-01
6.298987865447998047e-01
4.322142004966735840e-01
5.436149239540100098e-01
4.140142202377319336e-01
4.311554729938507080e-01
3.160548508167266846e-01
3.611970245838165283e-01
3.597337007522583008e-01
4.281210899353027344e-01
4.505922496318817139e-01
4.294199645519256592e-01
3.646380007266998291e-01
4.110441803932189941e-01
4.038448035717010498e-01
4.097870886325836182e-01
3.900640904903411865e-01
3.928344845771789551e-01
5.421456694602966309e-01
3.629419207572937012e-01
4.077542424201965332e-01
4.585925936698913574e-01
4.217127263545989990e-01
3.953388631343841553e-01
3.996977210044860840e-01
3.838111162185668945e-01
4.373701512813568115e-01
3.576072156429290771e-01
4.217124879360198975e-01
4.128358662128448486e-01
3.903642296791076660e-01
4.136769771575927734e-01
5.145305991172790527e-01
4.038896262645721436e-01
3.576874434947967529e-01
4.429088830947875977e-01
5.639222264289855957e-01
3.847599923610687256e-01
6.103676557540893555e-01
4.482470452785491943e-01
6.203089952468872070e-01
5.335684418678283691e-01
3.479859530925750732e-01
5.400674343109130859e-01
6.044192314147949219e-01
4.076540470123291016e-01
3.469402492046356201e-01
4.281024634838104248e-01
4.631301760673522949e-01
5.947787165641784668e-01
3.479132652282714844e-01
3.688768148422241211e-01
3.658343851566314697e-01
3.191432952880859375e-01
5.491619110107421875e-01
3.409869670867919922e-01
5.385947227478027344e-01
4.041433632373809814e-01
3.372583687305450439e-01
4.185502827167510986e-01
5.187121629714965820e-01
3.933282792568206787e-01
3.188373446464538574e-01
3.501573204994201660e-01
3.735639154911041260e-01
4.237829744815826416e-01
4.752123951911926270e-01
3.321501910686492920e-01
5.078014135360717773e-01
4.316693246364593506e-01
5.318260192871093750e-01
4.412948787212371826e-01
5.509506464004516602e-01
5.647766590118408203e-01
4.129773378372192383e-01
4.017267525196075439e-01
4.303627610206604004e-01
4.076558649539947510e-01
4.284880161285400391e-01
4.360315799713134766e-01
3.749293684959411621e-01
4.261094331741333008e-01
3.905484676361083984e-01
3.030162453651428223e-01
3.412311971187591553e-01
3.768483698368072510e-01
4.506987035274505615e-01
3.127101361751556396e-01
4.592107236385345459e-01
4.297699332237243652e-01
3.936132490634918213e-01
3.105940520763397217e-01
3.869266211986541748e-01
3.593738973140716553e-01
4.046419560909271240e-01
4.722139537334442139e-01
4.372705519199371338e-01
3.901577889919281006e-01
3.515345752239227295e-01
4.448455870151519775e-01
4.298926591873168945e-01
4.347113370895385742e-01
4.692884683609008789e-01
4.807292819023132324e-01
2.548547983169555664e-01
4.170908033847808838e-01
4.386700987815856934e-01
4.156118035316467285e-01
3.976382315158843994e-01
4.091939330101013184e-01
4.952794313430786133e-01
4.823862910270690918e-01
3.467819690704345703e-01
4.382137954235076904e-01
4.178686439990997314e-01
4.668484628200531006e-01
3.299284279346466064e-01
5.985892415046691895e-01
4.948545098304748535e-01
4.166727364063262939e-01
4.996218979358673096e-01
4.528127014636993408e-01
4.549668729305267334e-01
4.944905936717987061e-01
3.414928615093231201e-01
4.658266603946685791e-01
4.356341958045959473e-01
3.975660800933837891e-01
5.438742637634277344e-01
4.643323123455047607e-01
5.122028589248657227e-01
4.668835699558258057e-01
4.462937414646148682e-01
4.809851348400115967e-01
3.491672277450561523e-01
3.961354792118072510e-01
3.592682480812072754e-01
4.053376615047454834e-01
3.877797722816467285e-01
3.959223330020904541e-01
5.001081824302673340e-01
2.807555198669433594e-01
5.470036864280700684e-01
4.448385238647460938e-01
4.893651306629180908e-01
4.621305763721466064e-01
3.416637778282165527e-01
3.484714925289154053e-01
5.060042142868041992e-01
3.637142777442932129e-01
3.773878812789916992e-01
3.248100578784942627e-01
4.519709646701812744e-01
3.935999274253845215e-01
3.403338789939880371e-01
4.659746289253234863e-01
4.114203751087188721e-01
3.642511367797851562e-01
4.195976257324218750e-01
3.903375566005706787e-01
5.128331780433654785e-01
4.220644235610961914e-01
4.115178585052490234e-01
4.240443110466003418e-01
3.610264658927917480e-01
4.998678863048553467e-01
3.672437369823455811e-01
4.720691144466400146e-01
4.251551926136016846e-01
5.590049624443054199e-01
4.694058597087860107e-01
7.322355508804321289e-01
5.849258303642272949e-01
4.749113023281097412e-01
4.425659477710723877e-01
3.934222459793090820e-01
3.909097611904144287e-01
4.575956165790557861e-01
3.636456131935119629e-01
4.145789742469787598e-01
4.129396080970764160e-01
5.080758333206176758e-01
3.680889308452606201e-01
3.652189970016479492e-01
4.254027903079986572e-01
2.945047914981842041e-01
4.142008721828460693e-01
3.145302236080169678e-01
4.304160475730895996e-01
4.252170622348785400e-01
3.493321537971496582e-01
4.256944060325622559e-01
5.133183598518371582e-01
3.261452913284301758e-01
4.366969168186187744e-01
3.636845648288726807e-01
3.712295293807983398e-01
4.182929694652557373e-01
3.772372603416442871e-01
4.417561888694763184e-01
4.231157600879669189e-01
4.132913351058959961e-01
4.731000959873199463e-01
4.954790472984313965e-01
4.045749306678771973e-01
4.078860878944396973e-01
4.719049036502838135e-01
3.875049054622650146e-01
4.673288464546203613e-01
4.128861427307128906e-01
4.568642079830169678e-01
3.530096411705017090e-01
4.793272018432617188e-01
3.844065368175506592e-01
3.784852325916290283e-01
3.342525959014892578e-01
4.351215064525604248e-01
6.511915922164916992e-01
4.295101463794708252e-01
4.121922254562377930e-01
3.787553310394287109e-01
3.692339956760406494e-01
4.342769682407379150e-01
4.214201271533966064e-01
3.873300850391387939e-01
4.566271603107452393e-01
4.455874264240264893e-01
4.106897115707397461e-01
4.596171677112579346e-01
7.082107663154602051e-01
4.452490508556365967e-01
3.514571487903594971e-01
4.784524738788604736e-01
4.217127561569213867e-01
5.755689740180969238e-01
4.312151670455932617e-01
4.046909511089324951e-01
4.043158292770385742e-01
4.764418601989746094e-01
5.489010810852050781e-01
4.429723620414733887e-01
5.558850169181823730e-01
3.744303584098815918e-01
3.950598239898681641e-01
4.376069903373718262e-01
4.751806855201721191e-01
4.340381920337677002e-01
4.398964345455169678e-01
3.585784733295440674e-01
4.161131978034973145e-01
3.929849863052368164e-01
4.598560035228729248e-01
4.354363679885864258e-01
3.447854518890380859e-01
4.649438858032226562e-01
4.442041516304016113e-01
4.274773001670837402e-01
3.881383836269378662e-01
3.246805667877197266e-01
4.908535182476043701e-01
3.425997495651245117e-01
3.988757729530334473e-01
4.320007562637329102e-01
3.362833857536315918e-01
3.990564048290252686e-01
4.732407927513122559e-01
3.513760566711425781e-01
4.736245572566986084e-01
4.243907332420349121e-01
4.602549076080322266e-01
3.297527432441711426e-01
4.357157945632934570e-01
4.353470206260681152e-01
3.742134273052215576e-01
4.190646111965179443e-01
3.879795074462890625e-01
4.212124645709991455e-01
4.527328610420227051e-01
7.213274836540222168e-01
3.968537449836730957e-01
5.217028856277465820e-01
3.785903751850128174e-01
3.511869013309478760e-01
5.318375825881958008e-01
4.137762486934661865e-01
3.243438601493835449e-01
3.243748545646667480e-01
3.652481436729431152e-01
4.774052798748016357e-01
3.996743857860565186e-01
2.800385653972625732e-01
4.561713039875030518e-01
4.463011622428894043e-01
4.816263914108276367e-01
4.289903342723846436e-01
4.399477541446685791e-01
4.632700979709625244e-01
3.575262725353240967e-01
4.773753285408020020e-01
3.104506433010101318e-01
4.356375336647033691e-01
3.796604573726654053e-01
4.303523302078247070e-01
4.261482357978820801e-01
3.739648163318634033e-01
3.369984030723571777e-01
3.916758596897125244e-01
3.637205362319946289e-01
4.347270727157592773e-01
5.234746932983398438e-01
3.845403492450714111e-01
