0.242737784981727600
0.223229259252548218
0.251087665557861328
0.228824809193611145
0.207412451505661011
0.290540903806686401
0.248232483863830566
0.310215085744857788
0.274874657392501831
0.289230406284332275
0.244753286242485046
0.175928652286529541
0.242616266012191772
0.277998298406600952
0.231506049633026123
0.263105630874633789
0.338313490152359009
0.278466135263442993
0.253569215536117554
0.298945099115371704
0.233532145619392395
0.281248509883880615
0.348573029041290283
0.277821958065032959
0.228033915162086487
0.254680573940277100
0.303198039531707764
0.246762230992317200
0.251219004392623901
0.297292262315750122
0.257663905620574951
0.319987863302230835
0.238466084003448486
0.271371483802795410
0.253153473138809204
0.262515991926193237
0.334373086690902710
0.262634158134460449
0.183769106864929199
0.283900886774063110
0.218675628304481506
0.266551494598388672
0.285818099975585938
0.247110366821289062
0.291457206010818481
0.233155354857444763
0.263742268085479736
0.269146353006362915
0.243248090147972107
0.238433122634887695
0.235601231455802917
0.252513796091079712
0.256353557109832764
0.245072677731513977
0.252894699573516846
0.252249896526336670
0.279955536127090454
0.316502302885055542
0.233971968293190002
0.263353735208511353
0.256882786750793457
0.194176405668258667
0.262103348970413208
0.220502272248268127
0.230072006583213806
0.232253000140190125
0.281093984842300415
0.189740240573883057
0.227981537580490112
0.347182810306549072
0.271687507629394531
0.319123417139053345
0.243988752365112305
0.271894544363021851
0.278138637542724609
0.226162016391754150
0.344387859106063843
0.264784008264541626
0.272535562515258789
0.285111844539642334
0.203887492418289185
0.293510586023330688
0.274228483438491821
0.277399271726608276
0.265361577272415161
0.243014320731163025
0.272139400243759155
0.270833969116210938
0.308537483215332031
0.289527088403701782
0.259586364030838013
0.214700683951377869
0.311861485242843628
0.344943970441818237
0.226180925965309143
0.281367480754852295
0.232602909207344055
0.271218955516815186
0.263689845800399780
0.232318595051765442
0.333319336175918579
0.271423876285552979
0.299136579036712646
0.274670988321304321
0.251542836427688599
0.239412978291511536
0.270857393741607666
0.283572226762771606
0.286576986312866211
0.240796521306037903
0.256005167961120605
0.204829677939414978
0.239413827657699585
0.281326889991760254
0.326718479394912720
0.276052534580230713
0.212268531322479248
0.271542608737945557
0.254018843173980713
0.277094036340713501
0.320890486240386963
0.190510511398315430
0.398911893367767334
0.267578095197677612
0.235662862658500671
0.216938227415084839
0.321555227041244507
0.359596848487854004
0.283837556838989258
0.264836221933364868
0.270210981369018555
0.246856823563575745
0.244200736284255981
0.255278587341308594
0.259854286909103394
0.269250810146331787
0.239868327975273132
0.269990593194961548
0.206276133656501770
0.271123677492141724
0.283361941576004028
0.278072625398635864
0.252874314785003662
0.201308324933052063
0.234308689832687378
0.208180665969848633
0.306340575218200684
0.163521289825439453
0.267299264669418335
0.219724223017692566
0.278700768947601318
0.272364616394042969
0.274439632892608643
0.228724077343940735
0.296922087669372559
0.266241252422332764
0.298228919506072998
0.239561185240745544
0.303906410932540894
0.231924697756767273
0.277274936437606812
0.266073226928710938
0.289807409048080444
0.248947709798812866
0.305993050336837769
0.261239618062973022
0.293731242418289185
0.304544299840927124
0.299858212471008301
0.258003801107406616
0.209265097975730896
0.271366298198699951
0.299270272254943848
0.267889380455017090
0.296295851469039917
0.275384098291397095
0.257953047752380371
0.256568968296051025
0.263375401496887207
0.232544898986816406
0.244152277708053589
0.293402165174484253
0.239776238799095154
0.263149023056030273
0.285050481557846069
0.286957949399948120
0.223889395594596863
0.240993037819862366
0.267589002847671509
0.268111169338226318
0.263831019401550293
0.273173958063125610
0.281167805194854736
0.220254346728324890
0.266969203948974609
0.276436448097229004
0.254975616931915283
0.316048115491867065
0.288816213607788086
0.261468201875686646
0.217814534902572632
0.248494982719421387
0.241364955902099609
0.279753416776657104
0.287232100963592529
0.276726961135864258
0.255149632692337036
0.242931708693504333
0.245878636837005615
0.328793585300445557
0.302416622638702393
0.291176766157150269
0.262524634599685669
0.301930069923400879
0.264317423105239868
0.272078901529312134
0.210762709379196167
0.236752316355705261
0.226901516318321228
0.198819562792778015
0.283030033111572266
0.256910532712936401
0.234937772154808044
0.275529652833938599
0.244206398725509644
0.271696209907531738
0.274690240621566772
0.278527021408081055
0.251553148031234741
0.222658902406692505
0.278268963098526001
0.246469244360923767
0.265156477689743042
0.264123529195785522
0.296016842126846313
0.267127186059951782
0.267867565155029297
0.253712773323059082
0.284713417291641235
0.250700205564498901
0.252450883388519287
0.202383756637573242
0.231072187423706055
0.261771649122238159
0.276418417692184448
0.303103297948837280
0.245168134570121765
0.271559953689575195
0.227329507470130920
0.229452148079872131
0.261116325855255127
0.232895463705062866
0.268971532583236694
0.275259047746658325
0.273657858371734619
0.259012073278427124
0.242071181535720825
0.268511474132537842
0.339179545640945435
0.307252407073974609
0.137075603008270264
0.365010589361190796
0.298036187887191772
0.245968610048294067
0.248711332678794861
0.291247427463531494
0.270353883504867554
0.255992889404296875
0.221279561519622803
0.256874233484268188
0.266119122505187988
0.236722260713577271
0.274176746606826782
0.284701138734817505
0.305501967668533325
0.267061650753021240
0.281861901283264160
0.279052436351776123
0.240120902657508850
0.254913508892059326
0.221047013998031616
0.350724607706069946
0.285211354494094849
0.216223299503326416
0.282136321067810059
0.236935824155807495
0.290522903203964233
0.282647192478179932
0.230001837015151978
0.274461120367050171
0.243743792176246643
0.252203136682510376
0.248898342251777649
0.239529117941856384
0.285060018301010132
0.288683861494064331
0.262105405330657959
0.250021517276763916
0.268916904926300049
0.242713108658790588
0.300962418317794800
0.306656837463378906
0.286105871200561523
0.238744258880615234
0.246161743998527527
0.285928100347518921
0.255025207996368408
0.263029217720031738
0.244163572788238525
0.214543938636779785
0.289763569831848145
0.228232085704803467
0.232676178216934204
0.224214881658554077
0.273757785558700562
0.248482048511505127
0.237869367003440857
0.305787116289138794
0.279779136180877686
0.276106208562850952
0.225151747465133667
0.286624759435653687
0.266006320714950562
0.325034558773040771
0.261214762926101685
0.276718288660049438
0.320541322231292725
0.293244987726211548
0.318325549364089966
0.293881744146347046
0.310258150100708008
0.255299001932144165
0.298073112964630127
0.366745650768280029
0.308638602495193481
0.225384533405303955
0.235182419419288635
0.234786003828048706
0.255469292402267456
0.259704858064651489
0.236874401569366455
0.301747113466262817
0.277596920728683472
0.272826671600341797
0.317445367574691772
0.278548806905746460
0.272121578454971313
0.263706535100936890
0.270200222730636597
0.363314747810363770
0.286896467208862305
0.267537117004394531
0.340459048748016357
0.258697241544723511
0.273186832666397095
0.274670720100402832
0.282137304544448853
0.275031834840774536
0.262961745262145996
0.201825290918350220
0.235759392380714417
0.303436070680618286
0.315534174442291260
0.301280111074447632
0.277486234903335571
0.251089453697204590
0.294482201337814331
0.160481795668601990
0.282514810562133789
0.296417713165283203
0.219356685876846313
0.206085011363029480
0.233200341463088989
0.234764367341995239
0.266315102577209473
0.254268705844879150
0.292665868997573853
0.221489220857620239
0.252101391553878784
0.282715380191802979
0.199325904250144958
0.245315611362457275
0.259724229574203491
0.265364676713943481
0.275674641132354736
0.264962375164031982
0.244407325983047485
0.294904738664627075
0.230784699320793152
0.307080179452896118
0.190391331911087036
0.302415251731872559
0.278632283210754395
0.365939408540725708
0.296624511480331421
0.274562150239944458
0.244938269257545471
0.220148593187332153
0.256352990865707397
0.285268455743789673
0.239165753126144409
0.245726689696311951
0.246669247746467590
0.237418338656425476
0.266365289688110352
0.245966792106628418
0.318187505006790161
0.179343327879905701
0.237875580787658691
0.259581714868545532
0.284720301628112793
0.245216682553291321
0.197415366768836975
0.238787233829498291
0.294851064682006836
0.287884891033172607
0.278604656457901001
0.276464223861694336
0.329609513282775879
0.253011792898178101
0.268977433443069458
0.254730969667434692
0.233337879180908203
0.234826683998107910
0.268966853618621826
0.271770536899566650
0.267889648675918579
0.251560568809509277
0.271041035652160645
0.236629173159599304
0.260149091482162476
0.276431262493133545
0.287992745637893677
0.200767472386360168
0.263671040534973145
0.226324245333671570
0.251057147979736328
0.260447412729263306
0.280525088310241699
0.298888683319091797
0.296537280082702637
0.259691596031188965
0.276733100414276123
0.255257904529571533
0.295895427465438843
0.251213312149047852
0.292514145374298096
0.300835877656936646
0.242280885577201843
0.239387467503547668
0.270826101303100586
0.370441615581512451
0.287928342819213867
0.253227531909942627
0.224844202399253845
0.202289283275604248
0.227921754121780396
0.236583188176155090
0.308201879262924194
0.297956258058547974
0.290908694267272949
0.277748405933380127
0.429307401180267334
0.265800207853317261
0.294044852256774902
0.241793677210807800
0.281645894050598145
0.324691802263259888
0.264662265777587891
0.221608892083168030
0.275779664516448975
0.242125466465950012
0.207775041460990906
0.233235344290733337
0.227065771818161011
0.261117011308670044
0.365040630102157593
0.201652646064758301
0.259768873453140259
0.215959206223487854
0.264115631580352783
0.140771001577377319
0.266422271728515625
0.250156044960021973
0.255299150943756104
0.222698837518692017
0.241696849465370178
0.269631206989288330
0.238817945122718811
0.283297002315521240
0.233321547508239746
0.266675770282745361
0.222427457571029663
0.269118964672088623
0.270981073379516602
0.245862469077110291
0.267364263534545898
0.242961972951889038
0.259345024824142456
0.185115724802017212
0.295006483793258667
0.366397559642791748
0.221176534891128540
0.302595436573028564
0.184027537703514099
0.344338536262512207
0.213992163538932800
0.371655344963073730
0.236001968383789062
0.308053791522979736
0.263847410678863525
0.223317980766296387
