2.483263798058032990e-02
3.307961300015449524e-02
2.029554173350334167e-02
1.524890400469303131e-02
2.069172263145446777e-02
1.830538176000118256e-02
2.047069743275642395e-02
2.822595089673995972e-02
3.007913567125797272e-02
2.427220344543457031e-02
2.723945304751396179e-02
2.111863717436790466e-02
1.612015999853610992e-02
4.892621189355850220e-02
1.577544584870338440e-02
1.903268508613109589e-02
2.056142687797546387e-02
3.544520586729049683e-02
2.263336069881916046e-02
1.455853879451751709e-02
2.194792591035366058e-02
2.659351378679275513e-02
2.507130801677703857e-02
1.591170765459537506e-02
1.928233541548252106e-02
2.108179777860641479e-02
1.950925961136817932e-02
1.989994198083877563e-02
1.665062457323074341e-02
1.893835887312889099e-02
2.157967351377010345e-02
2.595825865864753723e-02
2.047210745513439178e-02
2.115445025265216827e-02
1.677499338984489441e-02
1.431314554065465927e-02
2.803772129118442535e-02
2.039843052625656128e-02
2.367075160145759583e-02
1.376018207520246506e-02
1.942701265215873718e-02
2.163175307214260101e-02
2.316582575440406799e-02
1.364793349057435989e-02
2.583380602300167084e-02
2.089122682809829712e-02
1.906552724540233612e-02
3.459271043539047241e-02
2.196017093956470490e-02
2.251770906150341034e-02
2.068996429443359375e-02
1.364097837358713150e-02
1.605653390288352966e-02
1.996553875505924225e-02
2.053854428231716156e-02
1.794647611677646637e-02
1.756573282182216644e-02
1.912831701338291168e-02
2.204719558358192444e-02
2.970064990222454071e-02
1.766983419656753540e-02
1.995996199548244476e-02
2.904147841036319733e-02
2.374540269374847412e-02
2.384047582745552063e-02
2.038602530956268311e-02
2.573586255311965942e-02
1.732133142650127411e-02
1.662612520158290863e-02
1.893635652959346771e-02
3.673950955271720886e-02
2.355489693582057953e-02
1.734620146453380585e-02
2.906075865030288696e-02
1.748028770089149475e-02
2.098195627331733704e-02
1.643635891377925873e-02
1.739058829843997955e-02
2.228338271379470825e-02
1.904538646340370178e-02
1.592188514769077301e-02
2.657578326761722565e-02
1.896513998508453369e-02
2.463313192129135132e-02
2.244798280298709869e-02
2.327081188559532166e-02
2.682771906256675720e-02
1.501274295151233673e-02
3.497001901268959045e-02
2.719653584063053131e-02
2.410386689007282257e-02
2.497733570635318756e-02
1.859324052929878235e-02
1.831884309649467468e-02
2.360480278730392456e-02
2.936443127691745758e-02
2.006061002612113953e-02
2.185776084661483765e-02
2.276584133505821228e-02
2.077810280025005341e-02
3.709893673658370972e-02
2.747748792171478271e-02
2.486216649413108826e-02
1.715048961341381073e-02
1.619126647710800171e-02
1.523190736770629883e-02
3.004648722708225250e-02
2.662070468068122864e-02
1.844979077577590942e-02
2.933517843484878540e-02
1.799925230443477631e-02
2.533321455121040344e-02
1.822549104690551758e-02
2.607226744294166565e-02
2.334447205066680908e-02
1.995233260095119476e-02
2.722410671412944794e-02
3.910215571522712708e-02
1.714781112968921661e-02
1.896990649402141571e-02
2.657213807106018066e-02
2.388724125921726227e-02
2.544024586677551270e-02
1.902909018099308014e-02
1.848796196281909943e-02
1.914980448782444000e-02
2.276812866330146790e-02
2.136217430233955383e-02
1.590526290237903595e-02
2.083384245634078979e-02
2.040062099695205688e-02
2.557507716119289398e-02
2.200158499181270599e-02
1.271998137235641479e-02
1.515552494674921036e-02
1.727264001965522766e-02
2.456420846283435822e-02
2.057251520454883575e-02
1.922966539859771729e-02
1.790326274931430817e-02
2.194994874298572540e-02
1.927533186972141266e-02
1.967819593846797943e-02
2.033656090497970581e-02
2.077399566769599915e-02
2.304199896752834320e-02
2.279905416071414948e-02
1.738034561276435852e-02
2.570492774248123169e-02
2.054141275584697723e-02
3.061755746603012085e-02
2.040750347077846527e-02
1.854008249938488007e-02
2.569593116641044617e-02
1.441247668117284775e-02
2.220208011567592621e-02
1.807418465614318848e-02
3.249077871441841125e-02
2.388940565288066864e-02
1.794576272368431091e-02
1.907359063625335693e-02
2.291776798665523529e-02
1.888958737254142761e-02
2.952660061419010162e-02
2.100552618503570557e-02
2.545491233468055725e-02
2.374495379626750946e-02
2.072325348854064941e-02
2.032674476504325867e-02
2.073431760072708130e-02
2.022842317819595337e-02
1.917588897049427032e-02
1.792956516146659851e-02
2.208465710282325745e-02
1.727032661437988281e-02
2.327157743275165558e-02
2.273441664874553680e-02
1.800725236535072327e-02
3.727689757943153381e-02
2.010929025709629059e-02
2.568974159657955170e-02
2.312811836600303650e-02
2.700261026620864868e-02
2.448086440563201904e-02
2.034836076200008392e-02
2.929799258708953857e-02
1.965554058551788330e-02
2.029824070632457733e-02
3.210432082414627075e-02
1.709682494401931763e-02
2.072944119572639465e-02
1.668130047619342804e-02
2.934080548584461212e-02
1.331356633454561234e-02
2.236325107514858246e-02
1.563256978988647461e-02
1.811594329774379730e-02
3.046762757003307343e-02
2.008592337369918823e-02
2.129990607500076294e-02
2.808098308742046356e-02
1.708697900176048279e-02
3.453619778156280518e-02
2.171642705798149109e-02
2.429801784455776215e-02
1.696769706904888153e-02
2.199140377342700958e-02
1.488056406378746033e-02
1.996508985757827759e-02
1.661854051053524017e-02
2.496564947068691254e-02
2.397115156054496765e-02
1.912719756364822388e-02
2.305508777499198914e-02
2.003731764853000641e-02
2.458554692566394806e-02
2.421914227306842804e-02
1.918526925146579742e-02
2.373332343995571136e-02
2.495208010077476501e-02
2.106724679470062256e-02
1.695242710411548615e-02
2.261698246002197266e-02
1.690087653696537018e-02
2.500332705676555634e-02
1.888347417116165161e-02
1.989789307117462158e-02
2.021588757634162903e-02
2.031714282929897308e-02
2.418761327862739563e-02
1.964841596782207489e-02
1.829819194972515106e-02
1.862249895930290222e-02
6.773352622985839844e-02
1.836508698761463165e-02
1.491542626172304153e-02
2.366366051137447357e-02
8.261943608522415161e-02
2.505181543529033661e-02
4.033115506172180176e-02
1.840707100927829742e-02
3.225177899003028870e-02
3.331259638071060181e-02
1.655510067939758301e-02
2.068503759801387787e-02
2.694448828697204590e-02
1.549417525529861450e-02
1.836354099214076996e-02
1.837168633937835693e-02
3.432894870638847351e-02
3.821903467178344727e-02
1.633241213858127594e-02
1.506059151142835617e-02
1.521407626569271088e-02
2.005584351718425751e-02
3.367334976792335510e-02
2.113657258450984955e-02
2.784108556807041168e-02
1.984954997897148132e-02
2.147294953465461731e-02
2.371159568428993225e-02
2.565533667802810669e-02
2.264665812253952026e-02
1.620581559836864471e-02
1.669991761445999146e-02
2.411622181534767151e-02
1.693166047334671021e-02
2.552212215960025787e-02
1.627744734287261963e-02
2.966334670782089233e-02
3.783009201288223267e-02
1.850623078644275665e-02
1.763148419559001923e-02
2.841723151504993439e-02
2.980591729283332825e-02
2.121409773826599121e-02
2.156061865389347076e-02
2.188760787248611450e-02
2.108946256339550018e-02
2.474259026348590851e-02
2.340862341225147247e-02
1.906133443117141724e-02
1.767440512776374817e-02
2.720567397773265839e-02
3.460578992962837219e-02
1.686255820095539093e-02
1.893204264342784882e-02
2.401059307157993317e-02
2.268607914447784424e-02
1.713122427463531494e-02
2.280282974243164062e-02
1.717063225805759430e-02
1.973163895308971405e-02
1.717789284884929657e-02
1.914298906922340393e-02
1.450958382338285446e-02
3.237708285450935364e-02
2.249969169497489929e-02
1.828977838158607483e-02
2.139353565871715546e-02
3.082821331918239594e-02
2.137335203588008881e-02
2.003089152276515961e-02
2.360779792070388794e-02
2.830079011619091034e-02
1.809160783886909485e-02
2.357335388660430908e-02
1.929971948266029358e-02
1.889963075518608093e-02
1.918007992208003998e-02
2.258248813450336456e-02
3.151583299040794373e-02
2.630035392940044403e-02
1.695872098207473755e-02
2.010477520525455475e-02
1.939286105334758759e-02
4.113967716693878174e-02
1.504901330918073654e-02
3.376926481723785400e-02
5.280204862356185913e-02
2.881415188312530518e-02
1.999656483530998230e-02
2.084922604262828827e-02
2.060637809336185455e-02
2.178504504263401031e-02
1.376143284142017365e-02
2.107836678624153137e-02
1.578240469098091125e-02
1.857103034853935242e-02
2.576175704598426819e-02
3.740306943655014038e-02
3.272202610969543457e-02
2.169401757419109344e-02
1.737404055893421173e-02
1.820164546370506287e-02
1.953068748116493225e-02
5.211389064788818359e-02
1.520889159291982651e-02
1.856677606701850891e-02
2.226866967976093292e-02
2.076887339353561401e-02
6.552280485630035400e-02
1.664869487285614014e-02
3.694159165024757385e-02
2.039772830903530121e-02
1.669741980731487274e-02
2.264256775379180908e-02
2.316887676715850830e-02
2.566801942884922028e-02
4.667378962039947510e-02
1.821067370474338531e-02
2.137326262891292572e-02
2.031687460839748383e-02
1.888433471322059631e-02
1.849776692688465118e-02
1.619654893875122070e-02
2.437482029199600220e-02
1.697631739079952240e-02
1.828068867325782776e-02
1.441733632236719131e-02
2.802478149533271790e-02
2.034234441816806793e-02
2.680158056318759918e-02
1.852494105696678162e-02
2.306619845330715179e-02
1.562093291431665421e-02
2.336910553276538849e-02
2.075150795280933380e-02
2.560873702168464661e-02
1.878743804991245270e-02
3.063329122960567474e-02
2.434318326413631439e-02
9.007451683282852173e-02
2.231224440038204193e-02
2.159206569194793701e-02
1.692424528300762177e-02
2.019998058676719666e-02
1.712235063314437866e-02
2.277074009180068970e-02
1.561801694333553314e-02
2.939796820282936096e-02
1.904867030680179596e-02
2.711228094995021820e-02
1.700313016772270203e-02
1.687049493193626404e-02
2.130686677992343903e-02
1.665891148149967194e-02
1.511488575488328934e-02
2.221089974045753479e-02
2.025201544165611267e-02
1.854421757161617279e-02
1.451705954968929291e-02
1.379954349249601364e-02
2.923158742487430573e-02
1.666528545320034027e-02
1.917128637433052063e-02
1.649266853928565979e-02
1.988063566386699677e-02
2.080650441348552704e-02
2.075924538075923920e-02
1.293129473924636841e-02
2.071337215602397919e-02
1.742307841777801514e-02
3.020037338137626648e-02
2.710216492414474487e-02
2.599876560270786285e-02
1.561365555971860886e-02
1.819624006748199463e-02
2.094255387783050537e-02
2.192259021103382111e-02
2.405744232237339020e-02
1.804921776056289673e-02
1.507554203271865845e-02
2.580335922539234161e-02
1.831586286425590515e-02
1.823777891695499420e-02
1.607217639684677124e-02
1.836328953504562378e-02
2.880041860044002533e-02
1.622455194592475891e-02
2.237905375659465790e-02
1.908564008772373199e-02
2.005829475820064545e-02
1.596409082412719727e-02
3.062219917774200439e-02
1.805585809051990509e-02
2.048117667436599731e-02
2.623041346669197083e-02
2.571791410446166992e-02
2.448420971632003784e-02
4.884782060980796814e-02
2.058350667357444763e-02
1.728620938956737518e-02
2.330283634364604950e-02
2.045239880681037903e-02
2.586102113127708435e-02
2.161885052919387817e-02
1.774985529482364655e-02
1.751710474491119385e-02
2.279881946742534637e-02
3.783145919442176819e-02
1.932810433208942413e-02
3.027389198541641235e-02
1.823744364082813263e-02
1.953901909291744232e-02
1.968789659440517426e-02
2.854238636791706085e-02
2.164801023900508881e-02
1.779632456600666046e-02
1.416488271206617355e-02
2.063450030982494354e-02
1.551211159676313400e-02
2.453731931746006012e-02
1.802517659962177277e-02
1.795609854161739349e-02
2.142612449824810028e-02
2.366623468697071075e-02
2.523170225322246552e-02
1.720829494297504425e-02
1.493310742080211639e-02
2.910251729190349579e-02
2.321753092110157013e-02
1.770517416298389435e-02
2.042595855891704559e-02
1.593025401234626770e-02
2.384336106479167938e-02
2.413741312921047211e-02
1.503780670464038849e-02
2.434514462947845459e-02
1.932800188660621643e-02
2.574087306857109070e-02
1.914403028786182404e-02
2.442304417490959167e-02
1.570037566125392914e-02
2.336051687598228455e-02
1.859421655535697937e-02
1.764401234686374664e-02
2.299544401466846466e-02
1.833521202206611633e-02
3.993575647473335266e-02
1.685083098709583282e-02
3.133042156696319580e-02
1.800908334553241730e-02
2.087642624974250793e-02
2.806910499930381775e-02
2.463969215750694275e-02
1.939560286700725555e-02
1.521576195955276489e-02
1.367839146405458450e-02
2.153847739100456238e-02
1.509585231542587280e-02
1.628430560231208801e-02
1.952435076236724854e-02
1.864052750170230865e-02
2.095506712794303894e-02
2.057473734021186829e-02
1.483269874006509781e-02
1.932398788630962372e-02
1.953765191137790680e-02
1.831840723752975464e-02
1.990756392478942871e-02
2.033918537199497223e-02
2.176501788198947906e-02
2.268931455910205841e-02
2.071249485015869141e-02
2.389332465827465057e-02
1.839164830744266510e-02
1.721644215285778046e-02
1.725697703659534454e-02
2.657021768391132355e-02
1.586371287703514099e-02
1.746873743832111359e-02
