-1.123986765742301941e-01
-1.164385825395584106e-01
-1.292768269777297974e-01
-4.187151789665222168e-01
-3.841125667095184326e-01
-4.074680805206298828e-01
-5.317761301994323730e-01
-1.823794543743133545e-01
-7.574179768562316895e-01
-8.394051790237426758e-01
-1.911017000675201416e-01
-2.696639895439147949e-01
-4.389403760433197021e-01
-2.668774425983428955e-01
-4.329997599124908447e-01
-4.767844378948211670e-01
-4.964995682239532471e-01
-4.737676978111267090e-01
-1.415129899978637695e-01
-4.245066940784454346e-01
-3.284918367862701416e-01
-5.264206528663635254e-01
-8.126453161239624023e-01
-4.011059105396270752e-01
-3.142485618591308594e-01
-4.584055244922637939e-01
-1.662966310977935791e-01
-4.856477379798889160e-01
-3.430871963500976562e-01
-5.183098316192626953e-01
-4.327613115310668945e-01
-6.725629568099975586e-01
-4.332069158554077148e-01
-4.050199091434478760e-01
-1.831071078777313232e-01
-4.534799158573150635e-01
-1.013503313064575195e+00
-9.113230742514133453e-03
-4.773037433624267578e-01
-3.841449916362762451e-01
-5.013013482093811035e-01
-7.426565289497375488e-01
-4.991724789142608643e-01
-5.869675278663635254e-01
-3.607699573040008545e-01
-4.750713706016540527e-01
-6.086049675941467285e-01
-3.767669796943664551e-01
-6.925196647644042969e-01
-1.217635869979858398e+00
-5.161372423171997070e-01
-4.122926294803619385e-01
-3.213870525360107422e-01
-1.536899954080581665e-01
-3.329652249813079834e-01
-3.304290175437927246e-01
-4.374672770500183105e-01
-5.818596482276916504e-01
-4.769882857799530029e-01
-5.944288372993469238e-01
-2.508720457553863525e-01
2.624998986721038818e-01
1.042372956871986389e-01
-3.360770046710968018e-01
-4.329655170440673828e-01
-4.002359211444854736e-01
-3.677521049976348877e-01
-3.666861653327941895e-01
-2.196130901575088501e-01
-6.465347409248352051e-01
-5.887348651885986328e-01
-3.853667378425598145e-01
-3.305566906929016113e-01
-3.785759508609771729e-01
-2.318064719438552856e-01
-9.744497388601303101e-02
-1.031814455986022949e+00
-8.800786733627319336e-01
-3.272332251071929932e-01
-4.941258728504180908e-01
-6.038312911987304688e-01
-4.083000719547271729e-01
-1.259058564901351929e-01
-1.156014204025268555e-01
-1.786023378372192383e-01
-5.552741289138793945e-01
-7.104585766792297363e-01
-2.666597664356231689e-01
-1.679761707782745361e-01
-7.352131884545087814e-03
-2.463217377662658691e-01
-3.361134529113769531e-01
1.571821272373199463e-01
-6.018635630607604980e-01
-4.686047136783599854e-01
-3.578336536884307861e-01
-5.811911225318908691e-01
-2.112858295440673828e-01
-3.590565919876098633e-01
-5.293340086936950684e-01
-7.720941901206970215e-01
-5.846015214920043945e-01
-1.128996610641479492e-01
-4.135374724864959717e-01
-4.964952468872070312e-01
-6.759323477745056152e-01
-4.077010750770568848e-01
-4.893536567687988281e-01
-3.328705132007598877e-01
-3.689180314540863037e-01
-1.388023886829614639e-02
-1.106557175517082214e-01
-3.289416432380676270e-01
4.936228692531585693e-02
-1.049440726637840271e-01
3.246387839317321777e-02
-2.144517302513122559e-01
-5.852875113487243652e-02
-3.659582734107971191e-01
-2.957504987716674805e-01
-8.777796477079391479e-02
-6.473470926284790039e-01
-8.958264589309692383e-01
-5.207041501998901367e-01
-4.755823612213134766e-01
-3.351296782493591309e-01
-5.420615077018737793e-01
9.236133843660354614e-02
-9.208658337593078613e-01
6.100258976221084595e-02
7.371295988559722900e-02
-3.680229783058166504e-01
-7.011187076568603516e-01
-5.918403863906860352e-01
-5.080935955047607422e-01
-4.591190218925476074e-01
-5.154288411140441895e-01
-3.189583718776702881e-01
-6.232404112815856934e-01
-5.511525869369506836e-01
-4.813861250877380371e-01
-4.307232797145843506e-01
-2.918348312377929688e-01
-2.122558653354644775e-01
-2.189346998929977417e-01
-4.028387367725372314e-01
-1.569592058658599854e-01
-1.098744422197341919e-01
-3.913992941379547119e-01
-3.885664343833923340e-01
-1.501728296279907227e-01
-4.526708424091339111e-01
-1.671278178691864014e-01
-2.021272033452987671e-01
-5.320844054222106934e-01
-2.643509507179260254e-01
-5.206822156906127930e-01
-5.534121990203857422e-01
-5.518863201141357422e-01
-3.069450557231903076e-01
-2.325717061758041382e-01
-5.708766579627990723e-01
-6.163568496704101562e-01
-1.154930796474218369e-02
-6.641220450401306152e-01
-5.729306340217590332e-01
-2.749990820884704590e-01
-5.720130801200866699e-01
-7.684496641159057617e-01
-4.361259043216705322e-01
-3.526155650615692139e-01
-4.256518185138702393e-02
-1.349780857563018799e-01
-8.835480213165283203e-01
-3.217071890830993652e-01
-1.705557703971862793e-01
-4.283555150032043457e-01
-4.496975541114807129e-01
-7.263816595077514648e-01
-9.589135050773620605e-01
-3.438540995121002197e-01
-6.799910068511962891e-01
-4.519694745540618896e-01
-5.458502769470214844e-01
-2.993161976337432861e-01
-4.853771328926086426e-01
-1.414963155984878540e-01
-2.896841242909431458e-02
-2.729370892047882080e-01
-1.665967851877212524e-01
-2.346208393573760986e-01
-5.396862030029296875e-01
-4.724336564540863037e-01
-5.606074333190917969e-01
-5.647100806236267090e-01
-3.613842427730560303e-01
-5.158172845840454102e-01
-2.728380262851715088e-01
-4.319100081920623779e-02
-9.420490264892578125e-01
-5.283778309822082520e-01
-6.235537528991699219e-01
-3.835424482822418213e-01
-6.825233101844787598e-01
-5.346870422363281250e-01
-4.121213853359222412e-01
-2.655642926692962646e-01
-5.760509371757507324e-01
-3.378851413726806641e-01
-7.678876519203186035e-01
-8.334594368934631348e-01
-5.631146430969238281e-01
-3.712473511695861816e-01
-1.698873750865459442e-02
-5.098729729652404785e-01
-5.195878148078918457e-01
-2.616795897483825684e-01
-5.632001161575317383e-01
-6.310458183288574219e-01
-5.243735313415527344e-01
-2.192181497812271118e-01
-4.240970313549041748e-01
-2.130019366741180420e-01
-2.760397493839263916e-01
-1.772442013025283813e-01
-5.719382762908935547e-01
-4.033438265323638916e-01
-7.873541116714477539e-01
-3.226138055324554443e-01
-2.671343088150024414e-01
-3.425258100032806396e-01
-7.109912037849426270e-01
-4.421776235103607178e-01
-1.318340301513671875e-01
-3.841269314289093018e-01
-4.050171673297882080e-01
-5.102056264877319336e-01
-4.864776730537414551e-01
-5.414532423019409180e-01
-4.790466725826263428e-01
-4.866752624511718750e-01
-2.481696605682373047e-01
-5.346750020980834961e-01
1.373164355754852295e-01
-9.281459450721740723e-01
-3.790546357631683350e-01
-3.926545754075050354e-02
-6.500381827354431152e-01
-6.873479485511779785e-02
-2.550332248210906982e-01
-7.833006978034973145e-01
-1.905908584594726562e-01
6.920025497674942017e-02
-5.202664136886596680e-01
1.102041751146316528e-01
-4.690531790256500244e-01
-2.164846360683441162e-01
-4.057973921298980713e-01
-5.252464413642883301e-01
-5.488995313644409180e-01
-2.243159413337707520e-01
-8.912265896797180176e-01
-5.753268599510192871e-01
-3.787484467029571533e-01
-4.660152792930603027e-01
-4.167062342166900635e-01
-7.947533130645751953e-01
-2.213765084743499756e-01
2.169412225484848022e-01
-3.230231702327728271e-01
-5.716289281845092773e-01
-4.523234963417053223e-01
-2.235079258680343628e-01
-5.354182720184326172e-01
-6.186736822128295898e-01
-6.402856111526489258e-01
-5.778818726539611816e-01
-6.973785758018493652e-01
-4.530767202377319336e-01
-4.559184908866882324e-01
-6.741577982902526855e-01
-8.658374547958374023e-01
-6.412815451622009277e-01
-3.098253607749938965e-01
4.122018218040466309e-01
-4.813224375247955322e-01
-5.267786979675292969e-01
1.341296285390853882e-01
-1.122820973396301270e-01
-3.868067860603332520e-01
-6.682739257812500000e-01
-4.020169973373413086e-01
-4.704659581184387207e-01
-5.263141989707946777e-01
-4.912098646163940430e-01
-4.344920814037322998e-01
6.751757860183715820e-02
-7.317001223564147949e-01
-3.466905951499938965e-01
-4.756718873977661133e-01
-4.844777286052703857e-01
-1.666034162044525146e-01
-5.545982122421264648e-01
-2.875193655490875244e-01
-5.573687553405761719e-01
-2.929414510726928711e-01
-9.177935123443603516e-01
9.317304939031600952e-02
-3.473106622695922852e-01
-2.658921778202056885e-01
-8.700230717658996582e-01
-4.142759740352630615e-01
-6.691443324089050293e-01
-3.896318078041076660e-01
-3.992956876754760742e-01
-3.582917749881744385e-01
-9.644109010696411133e-01
-5.416336655616760254e-01
-3.117018640041351318e-01
1.785275936126708984e-01
-4.971231520175933838e-01
-8.435533046722412109e-01
-6.282028555870056152e-01
-5.113030076026916504e-01
-9.986032545566558838e-02
-3.834215402603149414e-01
-4.329995512962341309e-01
-4.084000587463378906e-01
-4.269404411315917969e-01
-5.669650435447692871e-01
-5.599162578582763672e-01
2.001665830612182617e-01
-3.581923246383666992e-01
-7.620707154273986816e-01
-4.256839752197265625e-01
-4.748642444610595703e-01
-2.672350406646728516e-01
-4.449044466018676758e-01
-4.631138741970062256e-01
-5.055264830589294434e-01
-3.216211497783660889e-01
-5.426478981971740723e-01
-2.615145146846771240e-01
-5.694605112075805664e-01
-2.981404364109039307e-01
-8.440035581588745117e-01
-6.237146258354187012e-01
-6.642495989799499512e-01
-4.691054224967956543e-01
-9.325529336929321289e-01
-6.129223704338073730e-01
9.877368062734603882e-02
-8.381338715553283691e-01
-2.735481560230255127e-01
-2.299093455076217651e-01
-5.880517363548278809e-01
-2.101169824600219727e-01
-5.195429548621177673e-02
-8.217729926109313965e-01
-8.466839790344238281e-01
-1.617220640182495117e-01
-2.244129329919815063e-01
-4.365642964839935303e-01
-1.204660981893539429e-01
-5.750750899314880371e-01
-6.795700788497924805e-01
-4.050344228744506836e-01
-6.787934899330139160e-02
-8.405265212059020996e-01
-4.546549320220947266e-01
-1.708129495382308960e-01
-4.804135486483573914e-02
-1.587161272764205933e-01
-3.733847141265869141e-01
-8.896459937095642090e-01
8.250374346971511841e-02
-7.592679858207702637e-01
-4.594392180442810059e-01
-2.676208913326263428e-01
-1.145146712660789490e-01
-3.022756278514862061e-01
-2.456115633249282837e-01
-3.644653856754302979e-01
-3.544996380805969238e-01
-8.240915536880493164e-01
-1.730269342660903931e-01
-2.575085163116455078e-01
-1.033930759876966476e-02
-3.934966921806335449e-01
-7.033925652503967285e-01
-2.918798625469207764e-01
-2.793100774288177490e-01
-3.965694308280944824e-01
-7.128013372421264648e-01
-5.211166739463806152e-01
-7.187857627868652344e-01
-4.073430597782135010e-01
-2.814405262470245361e-01
-2.292537093162536621e-01
-4.528710246086120605e-01
-6.778805851936340332e-01
-9.335526078939437866e-02
-3.272425532341003418e-01
-3.637568950653076172e-01
-2.047969847917556763e-01
-2.720205187797546387e-01
-3.683463335037231445e-01
-3.334153294563293457e-01
-6.409437656402587891e-01
-2.806700468063354492e-01
-4.245955646038055420e-01
-6.829044967889785767e-02
-3.437263965606689453e-01
-1.465951353311538696e-01
-6.255729794502258301e-01
-4.319237768650054932e-01
-1.858418136835098267e-01
-1.816517412662506104e-01
-7.678839564323425293e-01
-3.353382945060729980e-01
-9.588431119918823242e-01
-1.952422559261322021e-01
-2.006044685840606689e-01
-1.280254721641540527e-01
-4.046942293643951416e-01
-2.239262610673904419e-01
-6.246527433395385742e-01
-3.422089219093322754e-01
-5.594865083694458008e-01
-7.026093602180480957e-01
3.544736281037330627e-02
-5.814159512519836426e-01
-7.382283806800842285e-01
-3.903566300868988037e-01
-3.409273326396942139e-01
-8.630168437957763672e-01
-3.452798724174499512e-01
-1.569375693798065186e-01
-6.717325448989868164e-01
-5.216233134269714355e-01
-2.329210788011550903e-01
-3.564201295375823975e-01
-7.584260106086730957e-01
-1.236578915268182755e-02
-5.397636890411376953e-01
-7.708479166030883789e-01
-3.358784019947052002e-01
-2.908557355403900146e-01
-3.132592141628265381e-01
-3.399979770183563232e-01
-5.623637437820434570e-01
-5.492991805076599121e-01
-4.636653065681457520e-01
-4.021542072296142578e-01
-3.579644262790679932e-01
-3.324804902076721191e-01
-3.383866548538208008e-01
-2.276830673217773438e-01
-2.696765661239624023e-01
-2.906730473041534424e-01
-2.163819074630737305e-01
-2.489116042852401733e-01
-5.730026215314865112e-02
-3.734855055809020996e-01
-3.995686471462249756e-01
-3.450780510902404785e-01
-4.648101925849914551e-01
-7.142977714538574219e-01
-2.061657458543777466e-01
-2.512820661067962646e-01
-4.464203119277954102e-01
-2.623763382434844971e-01
-1.614530086517333984e-01
-3.098534941673278809e-01
-7.479856610298156738e-01
-7.751147150993347168e-01
-3.383486866950988770e-01
-2.874914109706878662e-01
-5.976226329803466797e-01
-3.751506805419921875e-01
-9.447473287582397461e-01
9.778406620025634766e-01
-5.258995294570922852e-01
-1.189852505922317505e-02
-3.121985793113708496e-01
-3.801729977130889893e-01
-7.690116167068481445e-01
-3.534250259399414062e-01
-3.267935812473297119e-01
-3.882249295711517334e-01
-4.870523512363433838e-01
-4.403804242610931396e-01
-6.773262619972229004e-01
-4.914739727973937988e-01
-4.890734553337097168e-01
-3.313157856464385986e-01
-6.497393250465393066e-01
-5.302734375000000000e-01
-6.192539930343627930e-01
-8.062893152236938477e-01
-4.356156885623931885e-01
-4.660115018486976624e-02
-6.772380471229553223e-01
-7.359505891799926758e-01
-6.388329863548278809e-01
-4.198565781116485596e-01
-4.575204551219940186e-01
-5.775713920593261719e-01
-5.648155212402343750e-01
-2.509514689445495605e-01
-2.752735614776611328e-01
-4.860368371009826660e-01
