-0.232302352786064148
-0.200934812426567078
-0.122972428798675537
-0.110189296305179596
-0.094452440738677979
-0.107272773981094360
-0.135740265250205994
-0.195383131504058838
-0.182556897401809692
-0.189005285501480103
-0.143205374479293823
-0.166712418198585510
-0.108637019991874695
-0.121344417333602905
-0.161362498998641968
-0.110852420330047607
-0.179411768913269043
-0.185287639498710632
-0.142103642225265503
-0.154869183897972107
-0.132216662168502808
-0.187040567398071289
-0.172972083091735840
-0.104222431778907776
-0.154669478535652161
-0.167918980121612549
-0.184608936309814453
-0.156798005104064941
-0.134012490510940552
-0.078550748527050018
-0.166364520788192749
-0.148140475153923035
-0.153803110122680664
-0.147544071078300476
-0.147551506757736206
-0.140890344977378845
-0.240223318338394165
-0.070726200938224792
-0.051521450281143188
-0.105176150798797607
-0.153536304831504822
-0.251397311687469482
-0.196279272437095642
-0.131827831268310547
-0.138941600918769836
-0.172649160027503967
-0.206854358315467834
-0.179420068860054016
-0.070910781621932983
-0.185128495097160339
-0.133683204650878906
-0.098252259194850922
-0.146255597472190857
-0.168509647250175476
-0.135466054081916809
-0.160325124859809875
-0.100750923156738281
-0.178749695420265198
-0.217991337180137634
-0.145966440439224243
-0.194804787635803223
-0.134796097874641418
-0.201971724629402161
-0.197082892060279846
-0.187968507409095764
-0.091100059449672699
-0.177819415926933289
-0.194519326090812683
-0.079001486301422119
-0.213766932487487793
-0.108031608164310455
-0.186328008770942688
-0.148694396018981934
-0.181969761848449707
-0.108988530933856964
-0.155602112412452698
-0.183433502912521362
-0.132526665925979614
-0.190307229757308960
-0.128659874200820923
-0.141448453068733215
-0.097824349999427795
-0.096138551831245422
-0.106179013848304749
-0.162803038954734802
-0.154932692646980286
-0.193115994334220886
-0.107990041375160217
-0.167286232113838196
0.015973629429936409
-0.106103144586086273
-0.082035027444362640
-0.173039510846138000
-0.149805366992950439
-0.145114570856094360
-0.153322964906692505
-0.062148582190275192
-0.144530802965164185
-0.091818459331989288
-0.184441462159156799
-0.200063064694404602
-0.195992037653923035
-0.281585961580276489
-0.105018757283687592
-0.082713901996612549
-0.096707940101623535
-0.190663754940032959
-0.204479172825813293
-0.142457976937294006
-0.172193259000778198
-0.185630977153778076
-0.148087128996849060
-0.050002280622720718
-0.196370884776115417
-0.252936124801635742
-0.130516305565834045
-0.183255508542060852
-0.100995562970638275
-0.167824074625968933
-0.090413548052310944
-0.142094224691390991
-0.182887569069862366
-0.148279309272766113
-0.160357043147087097
-0.204362362623214722
-0.246992185711860657
-0.257437288761138916
0.041142892092466354
-0.104581393301486969
-0.098690196871757507
-0.155744194984436035
-0.156296968460083008
-0.119008883833885193
-0.053657624870538712
-0.100444421172142029
-0.128947928547859192
-0.147222340106964111
-0.117688365280628204
-0.100081644952297211
-0.169749185442924500
-0.118216238915920258
-0.107779107987880707
-0.098160348832607269
-0.084792286157608032
-0.115911401808261871
-0.212962508201599121
-0.183577582240104675
-0.131022885441780090
-0.129830241203308105
-0.106809131801128387
-0.166528165340423584
-0.180042669177055359
-0.190756604075431824
-0.189426273107528687
-0.179287105798721313
-0.124778412282466888
-0.158350795507431030
-0.012211361899971962
-0.110523879528045654
-0.055823951959609985
-0.128080546855926514
-0.090004913508892059
-0.107690706849098206
-0.036224439740180969
-0.180773064494132996
-0.168386965990066528
-0.189742892980575562
-0.134359687566757202
-0.143946304917335510
-0.105096682906150818
-0.187516570091247559
-0.176032185554504395
-0.060162566602230072
-0.180108472704887390
-0.149664923548698425
-0.092921003699302673
-0.168158069252967834
-0.112419955432415009
-0.233518332242965698
-0.139173239469528198
-0.158372208476066589
-0.148937761783599854
-0.083120688796043396
-0.116464532911777496
-0.111749373376369476
-0.148483410477638245
-0.225528448820114136
-0.094977572560310364
-0.320784151554107666
-0.157885685563087463
-0.256821274757385254
-0.096258029341697693
-0.153972700238227844
-0.099777460098266602
-0.136168286204338074
-0.213495686650276184
-0.203731626272201538
-0.135703831911087036
-0.121270254254341125
-0.110177375376224518
-0.194391623139381409
-0.184633344411849976
-0.145725905895233154
-0.119995206594467163
-0.151465237140655518
-0.124047547578811646
-0.150739923119544983
-0.145878955721855164
-0.183827757835388184
-0.013827744871377945
-0.159438014030456543
-0.189359009265899658
-0.191632300615310669
-0.097181260585784912
-0.190013349056243896
-0.062309734523296356
-0.102057836949825287
-0.099895268678665161
-0.235442370176315308
-0.205989703536033630
-0.158681750297546387
-0.096542842686176300
-0.044021274894475937
-0.145041421055793762
-0.243311852216720581
-0.136629953980445862
-0.143473103642463684
-0.123433880507946014
-0.099576331675052643
-0.185543760657310486
-0.125908881425857544
-0.171285584568977356
-0.207147583365440369
0.367455989122390747
-0.183046981692314148
-0.082496345043182373
-0.159248307347297668
0.476677596569061279
-0.177631974220275879
-0.284209966659545898
-0.173548012971878052
-0.258688956499099731
-0.091807365417480469
-0.070210561156272888
-0.191668182611465454
-0.231592252850532532
-0.142491489648818970
-0.200931414961814880
-0.162459149956703186
-0.050566855818033218
-0.174687072634696960
-0.163820534944534302
-0.084130749106407166
-0.054894976317882538
-0.151551276445388794
-0.235959365963935852
-0.117190912365913391
-0.109222024679183960
-0.003786118002608418
-0.167928114533424377
-0.122046291828155518
-0.064560160040855408
-0.178258836269378662
-0.151505380868911743
-0.051187042146921158
-0.091795191168785095
-0.081585250794887543
-0.142072096467018127
-0.135937213897705078
0.008302551694214344
-0.248445987701416016
-0.188448265194892883
-0.073591813445091248
-0.113893814384937286
-0.221321970224380493
-0.177965492010116577
-0.192909747362136841
-0.170258894562721252
-0.133446872234344482
-0.209552213549613953
-0.185317724943161011
-0.116582982242107391
-0.143817633390426636
-0.188077688217163086
0.143648639321327209
-0.068612307310104370
-0.142091557383537292
-0.133502379059791565
-0.152447327971458435
-0.232189163565635681
-0.240584239363670349
-0.087055943906307220
-0.139662653207778931
-0.148048400878906250
-0.151175022125244141
-0.126180425286293030
-0.124397166073322296
-0.117283605039119720
-0.129118248820304871
-0.132612362504005432
-0.111336611211299896
-0.207983598113059998
-0.132910683751106262
-0.149754792451858521
-0.146942779421806335
-0.171492740511894226
-0.108967542648315430
-0.138323634862899780
-0.047026317566633224
-0.145402863621711731
-0.173710420727729797
-0.244258552789688110
-0.130177155137062073
-0.082999385893344879
-0.107842437922954559
-0.133776083588600159
-0.145120084285736084
-0.127843409776687622
-0.194736376404762268
-0.087654508650302887
-0.128759473562240601
-0.115107893943786621
-0.180911645293235779
-0.106765218079090118
-0.179656222462654114
-0.159873247146606445
-0.141130506992340088
-0.210445269942283630
-0.118924833834171295
-0.154764756560325623
-0.176910221576690674
-0.215166404843330383
-0.254883706569671631
-0.197701975703239441
-0.138450577855110168
-0.233901992440223694
-0.248123183846473694
-0.097798883914947510
-0.097889415919780731
-0.069748356938362122
-0.125724628567695618
-0.092703409492969513
-0.122435055673122406
-0.198584496974945068
-0.157049968838691711
-0.184530004858970642
-0.194364234805107117
-0.140668734908103943
-0.131508573889732361
-0.165686830878257751
-0.182291775941848755
-0.197262868285179138
-0.130963355302810669
-0.154183655977249146
-0.128043189644813538
-0.057009726762771606
-0.153761848807334900
-0.115226559340953827
-0.149621382355690002
-0.047697842121124268
-0.151505887508392334
-0.112095981836318970
-0.166723787784576416
-0.165058612823486328
-0.041460253298282623
-0.129915103316307068
-0.168775200843811035
-0.114300072193145752
-0.056380838155746460
-0.079186357557773590
-0.214026749134063721
-0.153466328978538513
-0.308662235736846924
-0.192660242319107056
-0.116825744509696960
-0.170449748635292053
-0.136237293481826782
-0.153794705867767334
-0.080353781580924988
-0.152580022811889648
-0.112460747361183167
-0.143779084086418152
-0.056540321558713913
-0.091853782534599304
-0.142998933792114258
-0.117261111736297607
-0.221513122320175171
-0.162438228726387024
-0.227674975991249084
-0.116485178470611572
-0.181647866964340210
-0.089875482022762299
-0.053628366440534592
-0.144332244992256165
-0.153889372944831848
-0.122332796454429626
-0.139570266008377075
-0.189093351364135742
-0.150241926312446594
-0.152173817157745361
-0.107524275779724121
-0.081042215228080750
-0.127599760890007019
-0.221177831292152405
-0.074704580008983612
-0.131270945072174072
-0.148800030350685120
-0.183151781558990479
-0.100469909608364105
-0.168825134634971619
-0.208739712834358215
-0.205516844987869263
-0.056272320449352264
-0.181549504399299622
-0.079208083450794220
-0.138108640909194946
-0.092589832842350006
-0.113554097712039948
-0.219974100589752197
-0.102614179253578186
-0.194731906056404114
-0.089157283306121826
-0.171075075864791870
-0.066090285778045654
-0.198944583535194397
-0.124850988388061523
-0.179668247699737549
-0.207942157983779907
-0.175540745258331299
-0.091204203665256500
-0.312170892953872681
-0.127822980284690857
-0.137408956885337830
-0.212180182337760925
-0.103985920548439026
-0.110433779656887054
-0.202332630753517151
-0.135846838355064392
-0.143726482987403870
-0.137831538915634155
-0.153456434607505798
-0.170911222696304321
-0.245988070964813232
-0.119525149464607239
-0.122377298772335052
-0.148504972457885742
-0.205044537782669067
-0.166310712695121765
-0.121796399354934692
-0.108425699174404144
-0.084329269826412201
-0.154539018869400024
-0.162436828017234802
-0.040205620229244232
-0.094773679971694946
-0.123348832130432129
-0.124742150306701660
-0.094856180250644684
-0.189039170742034912
-0.140896737575531006
-0.195749118924140930
-0.152067869901657104
-0.179118856787681580
-0.177112892270088196
-0.079887427389621735
-0.151513531804084778
-0.239002570509910583
-0.097859971225261688
-0.137393027544021606
-0.172779664397239685
-0.089315854012966156
-0.217159599065780640
-0.152695894241333008
-0.172825589776039124
-0.113588713109493256
-0.132474392652511597
-0.220271095633506775
-0.128511667251586914
-0.180011481046676636
-0.235955551266670227
-0.147804021835327148
-0.085997737944126129
-0.136019498109817505
-0.136589482426643372
-0.195816621184349060
-0.115021221339702606
-0.182574912905693054
-0.231534183025360107
-0.128786429762840271
-0.219197690486907959
-0.094385884702205658
-0.164513409137725830
-0.198852106928825378
-0.167741253972053528
-0.195078596472740173
-0.183486580848693848
-0.051836699247360229
-0.091640338301658630
-0.156357973814010620
-0.152677744626998901
-0.183448478579521179
-0.142400935292243958
-0.048416513949632645
-0.079919084906578064
-0.092998072504997253
-0.093650266528129578
-0.110507048666477203
-0.159363478422164917
-0.145433932542800903
-0.245940521359443665
-0.075524806976318359
-0.210594356060028076
