1.029691621661186218e-01
9.992825984954833984e-02
1.279137283563613892e-01
9.905946999788284302e-02
1.004297211766242981e-01
1.214492768049240112e-01
1.620974987745285034e-01
1.000434160232543945e-01
1.599592417478561401e-01
1.226641982793807983e-01
1.052619740366935730e-01
1.420979499816894531e-01
1.020291000604629517e-01
1.322208642959594727e-01
1.003259122371673584e-01
1.064379364252090454e-01
1.365853697061538696e-01
1.246130540966987610e-01
1.300064325332641602e-01
1.984003335237503052e-01
1.163203790783882141e-01
1.496002972126007080e-01
1.629977673292160034e-01
1.265956908464431763e-01
1.066124066710472107e-01
1.212173104286193848e-01
1.067904755473136902e-01
1.123001798987388611e-01
1.614995449781417847e-01
1.655576825141906738e-01
1.303116828203201294e-01
1.438274830579757690e-01
1.148440390825271606e-01
1.236551851034164429e-01
1.165694817900657654e-01
1.156792491674423218e-01
1.929605901241302490e-01
1.041957288980484009e-01
9.040512144565582275e-02
9.558647125959396362e-02
1.063395515084266663e-01
8.407834172248840332e-02
1.163004413247108459e-01
1.348576396703720093e-01
1.176261752843856812e-01
1.648491919040679932e-01
1.114605292677879333e-01
1.222240775823593140e-01
1.269469559192657471e-01
1.880031973123550415e-01
1.090269684791564941e-01
1.279520988464355469e-01
1.211100742220878601e-01
1.446971595287322998e-01
8.565486967563629150e-02
1.206705421209335327e-01
1.129376143217086792e-01
1.203950420022010803e-01
1.304855346679687500e-01
1.179470345377922058e-01
1.166830733418464661e-01
2.455519437789916992e-01
2.021628916263580322e-01
9.751486033201217651e-02
1.263096183538436890e-01
1.044769436120986938e-01
2.082115560770034790e-01
8.305019885301589966e-02
1.037594228982925415e-01
1.230704188346862793e-01
1.124426424503326416e-01
1.105316802859306335e-01
1.466934382915496826e-01
1.335605829954147339e-01
1.287584602832794189e-01
1.107405424118041992e-01
1.366304159164428711e-01
1.814542561769485474e-01
1.282226145267486572e-01
1.306040287017822266e-01
1.199541464447975159e-01
1.056187823414802551e-01
1.189199537038803101e-01
1.203612685203552246e-01
1.113004386425018311e-01
9.862694889307022095e-02
1.032614633440971375e-01
1.220121234655380249e-01
1.177605688571929932e-01
1.497018337249755859e-01
1.115489900112152100e-01
1.130452454090118408e-01
1.206703633069992065e-01
1.372101455926895142e-01
9.899760037660598755e-02
1.460806578397750854e-01
9.850146621465682983e-02
1.183889955282211304e-01
1.506841629743576050e-01
1.284075230360031128e-01
1.085337251424789429e-01
1.406319439411163330e-01
1.753941923379898071e-01
1.094703897833824158e-01
9.767243266105651855e-02
9.407401829957962036e-02
1.798868924379348755e-01
1.072524487972259521e-01
7.962299883365631104e-02
1.152653321623802185e-01
1.188624650239944458e-01
1.451727151870727539e-01
1.098609566688537598e-01
1.361220329999923706e-01
2.592203021049499512e-01
8.098287135362625122e-02
1.098037213087081909e-01
1.573044061660766602e-01
1.271586865186691284e-01
1.836681067943572998e-01
1.360259652137756348e-01
9.585300832986831665e-02
1.403185129165649414e-01
1.303097903728485107e-01
1.341708898544311523e-01
9.645212441682815552e-02
1.285405755043029785e-01
2.214890420436859131e-01
1.246579140424728394e-01
1.187629625201225281e-01
1.203681901097297668e-01
1.162971481680870056e-01
1.005663350224494934e-01
1.710912883281707764e-01
1.035545393824577332e-01
1.211054995656013489e-01
1.361185312271118164e-01
1.192641705274581909e-01
9.703049808740615845e-02
1.104344949126243591e-01
1.331125050783157349e-01
1.249579042196273804e-01
1.168180629611015320e-01
8.845757693052291870e-02
1.163324266672134399e-01
8.932498842477798462e-02
1.680500805377960205e-01
9.343040734529495239e-02
1.243832781910896301e-01
1.187991499900817871e-01
1.639940291643142700e-01
1.080563589930534363e-01
1.310443431138992310e-01
1.238676756620407104e-01
1.269209533929824829e-01
9.717085957527160645e-02
1.211112514138221741e-01
1.042871847748756409e-01
2.293848097324371338e-01
1.207567453384399414e-01
1.017768681049346924e-01
1.148409545421600342e-01
1.472122669219970703e-01
9.745360165834426880e-02
1.308948248624801636e-01
1.316673755645751953e-01
1.913800239562988281e-01
1.080850437283515930e-01
1.490577608346939087e-01
1.131740510463714600e-01
9.929286688566207886e-02
1.166666299104690552e-01
1.473133414983749390e-01
1.203513741493225098e-01
1.011877954006195068e-01
1.200506463646888733e-01
1.061855629086494446e-01
1.190474852919578552e-01
1.336101144552230835e-01
1.203948780894279480e-01
1.410700082778930664e-01
1.816098093986511230e-01
1.134106814861297607e-01
1.114325299859046936e-01
1.735369861125946045e-01
1.775419563055038452e-01
1.215460374951362610e-01
1.388966888189315796e-01
9.829007834196090698e-02
1.395864784717559814e-01
1.207643300294876099e-01
1.062744781374931335e-01
1.136124655604362488e-01
1.248120740056037903e-01
2.639051973819732666e-01
1.484587490558624268e-01
1.077084541320800781e-01
1.061142981052398682e-01
1.550838798284530640e-01
1.726773679256439209e-01
1.250829994678497314e-01
1.360052973031997681e-01
1.215851157903671265e-01
1.526217758655548096e-01
1.102888360619544983e-01
1.045151725411415100e-01
8.565834909677505493e-02
1.100038066506385803e-01
1.190188080072402954e-01
1.254738569259643555e-01
1.585406064987182617e-01
1.269972324371337891e-01
1.328230798244476318e-01
1.256162375211715698e-01
1.078810691833496094e-01
1.283498257398605347e-01
7.147209346294403076e-02
1.162518113851547241e-01
1.375298202037811279e-01
8.205631375312805176e-02
1.461447328329086304e-01
1.210040524601936340e-01
1.226916462182998657e-01
1.140940040349960327e-01
1.071697100996971130e-01
1.492349654436111450e-01
1.202686876058578491e-01
2.086203098297119141e-01
1.131199449300765991e-01
7.473193109035491943e-02
1.385005116462707520e-01
1.495745480060577393e-01
1.287222206592559814e-01
9.920949488878250122e-02
1.335433125495910645e-01
1.515209525823593140e-01
1.860729753971099854e-01
1.130701452493667603e-01
1.648588329553604126e-01
9.368319064378738403e-02
1.362056583166122437e-01
9.589794278144836426e-02
8.702632784843444824e-02
1.181723847985267639e-01
1.448810547590255737e-01
1.576798409223556519e-01
1.250076889991760254e-01
1.298107951879501343e-01
1.251727938652038574e-01
1.016259863972663879e-01
1.787350028753280640e-01
1.135965660214424133e-01
1.203975006937980652e-01
1.126046553254127502e-01
1.295288354158401489e-01
1.370834708213806152e-01
1.135863885283470154e-01
1.468826085329055786e-01
1.607776582241058350e-01
9.942540526390075684e-02
2.343038022518157959e-01
1.396618783473968506e-01
1.145450994372367859e-01
1.335793584585189819e-01
1.429765522480010986e-01
1.121150553226470947e-01
1.388825029134750366e-01
1.633184552192687988e-01
1.050248742103576660e-01
1.537794023752212524e-01
1.095431968569755554e-01
1.131395325064659119e-01
1.005220338702201843e-01
1.411265134811401367e-01
1.132068857550621033e-01
1.020917668938636780e-01
1.398909986019134521e-01
1.045182645320892334e-01
1.220200434327125549e-01
1.302580684423446655e-01
1.541205495595932007e-01
1.425259262323379517e-01
1.217240244150161743e-01
9.412101656198501587e-02
2.309270799160003662e-01
9.966494143009185791e-02
9.280387312173843384e-02
1.263291090726852417e-01
1.255314946174621582e-01
8.860045671463012695e-02
1.246897503733634949e-01
1.292798221111297607e-01
1.076454073190689087e-01
1.414424180984497070e-01
9.347521513700485229e-02
1.376576423645019531e-01
1.662264168262481689e-01
1.450954824686050415e-01
1.050797849893569946e-01
1.115913018584251404e-01
1.320855915546417236e-01
1.895279437303543091e-01
1.369617134332656860e-01
1.349889039993286133e-01
1.285021007061004639e-01
9.514417499303817749e-02
1.843099594116210938e-01
2.134311497211456299e-01
1.534199267625808716e-01
1.751782745122909546e-01
1.721016466617584229e-01
9.895671904087066650e-02
1.510342955589294434e-01
1.051755994558334351e-01
1.360740661621093750e-01
1.462864726781845093e-01
1.609676331281661987e-01
1.595972925424575806e-01
1.156751811504364014e-01
8.834198862314224243e-02
1.122432574629783630e-01
1.187870502471923828e-01
1.181493625044822693e-01
1.356036812067031860e-01
1.305263191461563110e-01
1.074191927909851074e-01
1.092837974429130554e-01
1.180196180939674377e-01
9.605818241834640503e-02
2.217755466699600220e-01
1.376042068004608154e-01
1.150870174169540405e-01
1.370373666286468506e-01
1.295920163393020630e-01
1.005292683839797974e-01
9.161545336246490479e-02
1.126127466559410095e-01
9.267364442348480225e-02
1.431973427534103394e-01
9.774699807167053223e-02
1.235276013612747192e-01
1.426100283861160278e-01
1.381557285785675049e-01
1.386497020721435547e-01
1.177256926894187927e-01
1.315272003412246704e-01
1.288114786148071289e-01
1.192339360713958740e-01
1.376901417970657349e-01
1.368439942598342896e-01
1.468461155891418457e-01
1.088026314973831177e-01
1.310516446828842163e-01
1.215815469622612000e-01
1.078158617019653320e-01
1.238039210438728333e-01
1.370026469230651855e-01
1.052494645118713379e-01
1.885646432638168335e-01
1.694280654191970825e-01
1.326235383749008179e-01
1.314263939857482910e-01
1.080443784594535828e-01
1.096340790390968323e-01
1.217897161841392517e-01
1.723798215389251709e-01
1.309161782264709473e-01
9.592528641223907471e-02
1.403348892927169800e-01
1.234586387872695923e-01
9.528440237045288086e-02
1.567638218402862549e-01
1.516545265913009644e-01
1.197087839245796204e-01
2.458625137805938721e-01
1.258042156696319580e-01
9.668205678462982178e-02
9.333828836679458618e-02
6.239018216729164124e-02
1.310680061578750610e-01
9.035552293062210083e-02
1.297760158777236938e-01
1.140868663787841797e-01
1.106463298201560974e-01
1.078824773430824280e-01
1.112763658165931702e-01
1.231089234352111816e-01
1.412255764007568359e-01
1.160375848412513733e-01
1.561165004968643188e-01
2.677767872810363770e-01
1.610075235366821289e-01
1.171261966228485107e-01
1.980593204498291016e-01
1.232187077403068542e-01
1.209074929356575012e-01
1.024121940135955811e-01
1.028181686997413635e-01
1.369853615760803223e-01
7.920272648334503174e-02
1.249662041664123535e-01
1.406902968883514404e-01
1.429325491189956665e-01
1.257761716842651367e-01
1.134670972824096680e-01
1.143881231546401978e-01
1.182523295283317566e-01
1.112823188304901123e-01
1.903319358825683594e-01
1.067684888839721680e-01
1.368493139743804932e-01
1.185262054204940796e-01
1.131893992424011230e-01
1.181708648800849915e-01
1.056324914097785950e-01
9.201006591320037842e-02
1.041488647460937500e-01
1.523688882589340210e-01
1.524785012006759644e-01
1.354817301034927368e-01
2.332371324300765991e-01
1.435577571392059326e-01
1.496886759996414185e-01
1.969079226255416870e-01
1.628615558147430420e-01
1.680644899606704712e-01
1.128994673490524292e-01
1.383230835199356079e-01
1.482831984758377075e-01
1.189867183566093445e-01
1.353364884853363037e-01
1.181923598051071167e-01
1.201083585619926453e-01
1.007270440459251404e-01
1.146012172102928162e-01
1.775539666414260864e-01
1.118741258978843689e-01
1.095865219831466675e-01
1.113088428974151611e-01
1.580839604139328003e-01
9.830328822135925293e-02
1.244429275393486023e-01
1.458416134119033813e-01
1.137214303016662598e-01
1.370519697666168213e-01
1.808669716119766235e-01
2.130397558212280273e-01
1.372364461421966553e-01
9.385161101818084717e-02
1.046996116638183594e-01
1.311163902282714844e-01
1.917632073163986206e-01
1.234311982989311218e-01
9.390133619308471680e-02
1.210398823022842407e-01
1.385606229305267334e-01
9.031449258327484131e-02
1.178335174918174744e-01
1.601014882326126099e-01
1.570864915847778320e-01
1.461786627769470215e-01
1.531538963317871094e-01
2.961009442806243896e-01
9.711593389511108398e-02
1.382836848497390747e-01
1.162810996174812317e-01
9.393203258514404297e-02
1.179211959242820740e-01
1.065956130623817444e-01
1.472370922565460205e-01
1.305463314056396484e-01
1.430041939020156860e-01
1.197947487235069275e-01
1.306356787681579590e-01
1.824604272842407227e-01
1.338584274053573608e-01
1.046151816844940186e-01
7.094738632440567017e-02
1.583985239267349243e-01
1.001640036702156067e-01
1.494951546192169189e-01
1.603808701038360596e-01
1.422169357538223267e-01
1.146403402090072632e-01
9.027191251516342163e-02
8.995997160673141479e-02
1.228543743491172791e-01
1.567340791225433350e-01
1.262464672327041626e-01
1.162526682019233704e-01
1.507473438978195190e-01
1.025660037994384766e-01
1.222887113690376282e-01
1.404226124286651611e-01
1.364502459764480591e-01
1.181913986802101135e-01
9.227794408798217773e-02
1.189399138092994690e-01
1.092175990343093872e-01
1.068682670593261719e-01
1.234379410743713379e-01
2.337625920772552490e-01
1.229336708784103394e-01
1.110059991478919983e-01
9.891988337039947510e-02
1.132830828428268433e-01
9.315076470375061035e-02
1.582876592874526978e-01
1.236177831888198853e-01
1.394927203655242920e-01
1.109407916665077209e-01
1.056993007659912109e-01
