0.169410362839698792
0.336752921342849731
0.299324572086334229
0.374525904655456543
0.151276692748069763
0.178056746721267700
0.316732913255691528
0.394714921712875366
0.185845091938972473
0.206848934292793274
0.109001860022544861
0.204206123948097229
0.295515418052673340
0.076482906937599182
0.202319487929344177
0.248716756701469421
0.329549700021743774
0.334913790225982666
0.253229677677154541
0.273900866508483887
0.166142985224723816
0.343161523342132568
0.342436403036117554
0.296870678663253784
0.222596868872642517
0.099329091608524323
0.332798421382904053
0.234925404191017151
0.289414495229721069
0.229609116911888123
0.271883755922317505
0.394487321376800537
0.199041128158569336
0.256375253200531006
0.255654394626617432
0.354066252708435059
0.184846147894859314
0.251309275627136230
0.310109019279479980
0.278173416852951050
0.210884258151054382
0.244075179100036621
0.328249543905258179
0.324777066707611084
0.249867826700210571
0.187332898378372192
0.264296889305114746
0.394897043704986572
0.196151748299598694
0.258667469024658203
0.170828372240066528
0.338122904300689697
0.223777443170547485
0.249751403927803040
0.278729438781738281
0.378270566463470459
0.344458907842636108
0.268094420433044434
0.295597791671752930
0.114583194255828857
0.268842518329620361
0.347862511873245239
0.129532471299171448
0.284261286258697510
0.155214905738830566
0.302551060914993286
0.273830980062484741
0.189132854342460632
0.356764435768127441
0.230155229568481445
0.219877421855926514
0.207006037235260010
0.211937740445137024
0.097067102789878845
0.248230814933776855
0.226382598280906677
0.355506390333175659
0.311290681362152100
0.238566324114799500
0.265447348356246948
0.297533869743347168
0.266615837812423706
0.218010902404785156
0.145093724131584167
0.245950669050216675
0.173431590199470520
0.235794171690940857
0.289079278707504272
0.209118202328681946
0.197142213582992554
0.218469530344009399
0.200752064585685730
0.246055811643600464
0.372633755207061768
0.202764868736267090
0.199320480227470398
0.365247726440429688
0.225818932056427002
0.260565578937530518
0.190003782510757446
0.276369512081146240
0.201079636812210083
0.197335660457611084
0.295795053243637085
0.322198152542114258
0.411695986986160278
0.147542953491210938
0.267398864030838013
0.192814588546752930
0.361519753932952881
0.277430266141891479
0.214286774396896362
0.268830209970474243
0.428603708744049072
0.256000161170959473
0.277671486139297485
0.133945569396018982
0.510278880596160889
0.323768258094787598
0.241689682006835938
0.152943596243858337
0.184349358081817627
0.057901259511709213
0.228789895772933960
0.179726138710975647
0.280332237482070923
0.227906152606010437
0.157900169491767883
0.319629818201065063
0.184172645211219788
0.337820768356323242
0.168832600116729736
0.165389299392700195
0.304870128631591797
0.353342384099960327
0.294814616441726685
0.114033371210098267
0.250263273715972900
0.189174458384513855
0.264696240425109863
0.240505814552307129
0.388006746768951416
0.193253040313720703
0.191753685474395752
0.251126468181610107
0.290068775415420532
0.315123140811920166
0.325162857770919800
0.129559800028800964
0.249134391546249390
0.141738221049308777
0.129531577229499817
0.306187540292739868
0.283579587936401367
0.348327666521072388
0.230613201856613159
0.274099260568618774
0.269971042871475220
0.187296196818351746
0.243142217397689819
0.352592349052429199
0.354630142450332642
0.272095352411270142
0.270820766687393188
0.306535959243774414
0.083243653178215027
0.296812742948532104
0.228561237454414368
0.327553123235702515
0.269526243209838867
0.245220065116882324
0.244356855750083923
0.285694986581802368
0.336547970771789551
0.278371632099151611
0.293322592973709106
0.339738726615905762
0.223145231604576111
0.233046129345893860
0.148590952157974243
0.384554773569107056
0.310378640890121460
0.172443658113479614
0.172427833080291748
0.346584141254425049
0.297812461853027344
0.258154898881912231
0.187930464744567871
0.241947576403617859
0.224921062588691711
0.272042870521545410
0.373507916927337646
0.425911754369735718
0.375368922948837280
0.173144951462745667
0.369827955961227417
0.234918057918548584
0.269449532032012939
0.314804852008819580
0.165767788887023926
0.118073098361492157
0.299416154623031616
0.401807844638824463
0.212649822235107422
0.386430978775024414
0.295480459928512573
0.184785231947898865
0.368620008230209351
0.197224140167236328
0.326541483402252197
0.231939613819122314
0.167550027370452881
0.175587698817253113
0.236656308174133301
0.213910862803459167
0.197388321161270142
0.256082743406295776
0.261869251728057861
0.217012628912925720
0.228422790765762329
0.348621785640716553
0.450005650520324707
0.256275653839111328
0.255949705839157104
0.281414687633514404
0.179733455181121826
0.173642829060554504
0.201252058148384094
0.341084539890289307
0.224510475993156433
0.138465359807014465
0.228377506136894226
0.222972571849822998
0.256646037101745605
0.230147182941436768
0.363865792751312256
0.137964010238647461
0.238139092922210693
0.259002506732940674
0.083023384213447571
0.186304077506065369
0.126697719097137451
0.450099289417266846
0.274064451456069946
0.259041815996170044
0.278163611888885498
0.224771514534950256
0.271819889545440674
0.194871664047241211
0.181472644209861755
0.296869516372680664
0.316810429096221924
0.338941305875778198
0.279011070728302002
0.159395620226860046
0.275177001953125000
0.294744551181793213
0.290890753269195557
0.141802802681922913
0.333567619323730469
0.195306196808815002
0.264556378126144409
0.087880402803421021
0.255315572023391724
0.333495914936065674
0.194341421127319336
0.277656435966491699
0.238550812005996704
0.367640346288681030
0.304151505231857300
0.123388282954692841
0.261541098356246948
0.254773676395416260
0.322369217872619629
0.346163243055343628
0.209001004695892334
0.214223995804786682
0.205431386828422546
0.211544081568717957
0.215323433279991150
0.216290369629859924
0.250868171453475952
0.242926046252250671
0.332636207342147827
-0.052732866257429123
0.224384635686874390
0.231899291276931763
0.267421305179595947
0.110341288149356842
0.231996238231658936
0.282223761081695557
0.323417246341705322
0.281836807727813721
0.209332808852195740
0.226130485534667969
0.290009915828704834
0.312653660774230957
0.345589369535446167
0.259207427501678467
0.167720764875411987
0.392362236976623535
0.269409984350204468
0.199732914566993713
0.297265708446502686
0.332400113344192505
0.226979419589042664
0.065588355064392090
0.296430647373199463
0.194762960076332092
0.238322064280509949
0.302116543054580688
0.251031845808029175
0.311680734157562256
0.318537861108779907
0.172092810273170471
0.186730608344078064
0.166459858417510986
0.285117715597152710
0.351170837879180908
-0.048625424504280090
0.155842691659927368
0.221314087510108948
0.328077554702758789
0.386051774024963379
0.237469330430030823
0.305701881647109985
0.117848969995975494
0.268051475286483765
0.192117273807525635
0.221082687377929688
0.167906120419502258
0.287740558385848999
0.249481871724128723
0.245133802294731140
0.267811089754104614
0.239290565252304077
0.098826549947261810
0.277783155441284180
0.246464878320693970
0.174705356359481812
0.100487381219863892
0.050195783376693726
0.280930429697036743
0.281007230281829834
0.171598345041275024
0.211424902081489563
0.221345886588096619
0.281698346138000488
0.150648623704910278
0.076939478516578674
0.238055303692817688
0.241127058863639832
0.294181376695632935
0.254267364740371704
0.255612969398498535
0.345134615898132324
0.294827550649642944
0.303989231586456299
0.320354729890823364
0.275740176439285278
0.165688961744308472
0.294140756130218506
0.130094319581985474
0.185424759984016418
0.286594361066818237
0.319823503494262695
0.212747663259506226
0.360818445682525635
0.344049692153930664
0.095413051545619965
0.258643835783004761
0.170935302972793579
0.200692370533943176
0.196744337677955627
0.197181001305580139
0.194236934185028076
0.320138752460479736
0.348373472690582275
0.343675553798675537
0.315266191959381104
0.202015459537506104
0.325147897005081177
0.322675257921218872
0.303804069757461548
0.263382554054260254
0.236388668417930603
0.249160483479499817
0.307992875576019287
0.259139657020568848
0.239066496491432190
0.271979898214340210
0.260090738534927368
0.321007549762725830
0.181837141513824463
0.352626860141754150
0.357930332422256470
0.286101281642913818
0.252633869647979736
0.164206221699714661
0.289712548255920410
0.399584382772445679
0.265095442533493042
0.203076437115669250
0.250223338603973389
0.369446337223052979
0.208518564701080322
0.280383676290512085
0.223330348730087280
0.230854853987693787
0.160899162292480469
0.236904993653297424
0.211641296744346619
0.354885637760162354
0.163477525115013123
0.164159983396530151
0.307243347167968750
0.307705283164978027
0.215193510055541992
0.282121688127517700
0.285682141780853271
0.170100659132003784
0.230474412441253662
0.213436424732208252
0.318921864032745361
0.106062687933444977
0.262806057929992676
0.260815829038619995
0.174854382872581482
0.082007490098476410
0.181491792201995850
0.356582909822463989
0.120367534458637238
0.315855264663696289
0.159468799829483032
0.378953218460083008
0.327225983142852783
0.208610668778419495
0.309562325477600098
0.225279003381729126
0.145631909370422363
0.134625926613807678
0.230363532900810242
0.291274130344390869
0.272653818130493164
0.202684491872787476
0.268784672021865845
0.195800781250000000
0.227744832634925842
0.303640842437744141
0.324993640184402466
0.300007969141006470
0.332829356193542480
0.241725519299507141
0.266489237546920776
0.247341483831405640
0.091258831322193146
0.250274688005447388
0.254325598478317261
0.371028006076812744
0.332103073596954346
0.369274288415908813
0.109943039715290070
0.170143589377403259
0.175815999507904053
0.388792544603347778
0.220610857009887695
0.276612997055053711
0.281294554471969604
0.175525322556495667
0.261646330356597900
0.154388889670372009
0.251867920160293579
0.194533601403236389
0.245232358574867249
0.340547204017639160
0.244605809450149536
0.242612674832344055
0.182212486863136292
0.300235867500305176
0.303655654191970825
0.311810672283172607
0.241362035274505615
0.232588157057762146
0.130262777209281921
0.308066040277481079
0.097931586205959320
0.277647048234939575
0.291822701692581177
0.384777843952178955
0.178882256150245667
0.362210780382156372
0.300467222929000854
0.192285865545272827
0.267235547304153442
0.166334629058837891
0.299788832664489746
0.271044313907623291
0.204033017158508301
0.256543219089508057
0.228942856192588806
0.255155295133590698
0.212116107344627380
0.353150516748428345
0.229289710521697998
0.250964701175689697
0.308534324169158936
0.236786976456642151
0.299956768751144409
0.211088523268699646
0.345571666955947876
0.342168271541595459
0.157555595040321350
