-0.175875842571258545
-0.215647444128990173
-0.204694822430610657
-0.169494912028312683
-0.162827000021934509
-0.147337973117828369
-0.215763032436370850
-0.290474325418472290
-0.111154273152351379
-0.219632461667060852
-0.102010235190391541
-0.154852151870727539
-0.198916822671890259
-0.044533126056194305
-0.150829106569290161
-0.191982433199882507
-0.211421906948089600
-0.165468588471412659
-0.185385018587112427
-0.173254728317260742
-0.128850191831588745
-0.237593203783035278
-0.196458905935287476
-0.196511983871459961
-0.177602857351303101
-0.177378028631210327
-0.175981283187866211
-0.154551997780799866
-0.164812028408050537
-0.259943306446075439
-0.175183355808258057
-0.249797046184539795
-0.174085080623626709
-0.240969300270080566
-0.249838098883628845
-0.293821632862091064
-0.149622261524200439
-0.157821238040924072
-0.180006563663482666
-0.185097575187683105
-0.151620805263519287
-0.134493201971054077
-0.274575531482696533
-0.124816380441188812
-0.224551007151603699
-0.253068745136260986
-0.239821434020996094
-0.185870140790939331
-0.173906236886978149
-0.239321932196617126
-0.121414884924888611
-0.180344820022583008
-0.272922784090042114
-0.261737525463104248
-0.185535952448844910
-0.231590107083320618
-0.233325928449630737
-0.186008140444755554
-0.209717527031898499
-0.069156244397163391
-0.191229805350303650
-0.207791417837142944
-0.108394347131252289
-0.280988931655883789
-0.130290001630783081
-0.165387511253356934
-0.211865037679672241
-0.364109963178634644
-0.295110046863555908
-0.238412469625473022
-0.163155347108840942
-0.189229577779769897
-0.179195001721382141
-0.203113198280334473
-0.176996439695358276
-0.273814916610717773
-0.332410424947738647
-0.172504156827926636
-0.179256051778793335
-0.263844221830368042
-0.220675438642501831
-0.160909563302993774
-0.153418228030204773
-0.141381591558456421
-0.299210011959075928
-0.144962534308433533
-0.183827400207519531
-0.177887558937072754
-0.142213702201843262
-0.219837978482246399
-0.190025448799133301
-0.158025071024894714
-0.166649371385574341
-0.248980134725570679
-0.156913474202156067
-0.171847552061080933
-0.166000336408615112
-0.197152167558670044
-0.228673934936523438
-0.236628517508506775
-0.222967401146888733
-0.154267475008964539
-0.203034728765487671
-0.143148466944694519
-0.136256113648414612
-0.201487779617309570
-0.180418163537979126
-0.209272190928459167
-0.296442747116088867
-0.198436260223388672
-0.268256962299346924
-0.221554294228553772
-0.214695334434509277
-0.340378910303115845
-0.266834169626235962
-0.189038440585136414
-0.173251554369926453
-0.222553357481956482
-0.177227482199668884
-0.169795230031013489
-0.109547138214111328
-0.218040019273757935
-0.115449778735637665
-0.165375545620918274
-0.190962761640548706
-0.353536814451217651
-0.311176627874374390
-0.216131910681724548
-0.149593651294708252
-0.166691049933433533
-0.284862697124481201
-0.220685169100761414
-0.152886897325515747
-0.180718928575515747
-0.211752936244010925
-0.186857372522354126
-0.137561589479446411
-0.177034452557563782
-0.186086341738700867
-0.196905940771102905
-0.174073725938796997
-0.301053822040557861
-0.078719802200794220
-0.201734468340873718
-0.194674983620643616
-0.224661335349082947
-0.245878800749778748
-0.105768255889415741
-0.140072599053382874
-0.121286921203136444
-0.119868077337741852
-0.175955772399902344
-0.215641975402832031
-0.330729573965072632
-0.351506561040878296
-0.236601576209068298
-0.118474580347537994
-0.215456008911132812
-0.175091460347175598
-0.189247101545333862
-0.336501270532608032
-0.159756332635879517
-0.255446225404739380
0.064416341483592987
-0.285612791776657104
-0.119794718921184540
-0.158324643969535828
-0.229696333408355713
-0.335174530744552612
-0.198683381080627441
-0.268626570701599121
-0.163158819079399109
-0.246141016483306885
-0.290042191743850708
-0.242832869291305542
-0.144907578825950623
-0.190023466944694519
-0.214938789606094360
-0.154124736785888672
-0.291725069284439087
-0.250378668308258057
-0.221277236938476562
-0.046264529228210449
-0.154741331934928894
-0.151054337620735168
-0.152669921517372131
-0.173486977815628052
-0.193142831325531006
-0.198664128780364990
-0.223877400159835815
-0.208556771278381348
-0.268808364868164062
-0.184503465890884399
-0.179722800850868225
-0.183275997638702393
-0.388039320707321167
-0.153909951448440552
-0.155261963605880737
-0.156721547245979309
-0.223757177591323853
-0.151110887527465820
-0.253951758146286011
-0.284909278154373169
-0.182560130953788757
-0.268690884113311768
-0.232788860797882080
-0.210796698927879333
-0.240983083844184875
-0.102193906903266907
-0.150658383965492249
-0.197839573025703430
-0.173375695943832397
-0.228218629956245422
-0.098491929471492767
-0.184693187475204468
-0.176973581314086914
-0.157557293772697449
-0.193728998303413391
-0.164283245801925659
-0.282201558351516724
-0.186557129025459290
-0.275358945131301880
-0.226643577218055725
-0.216856449842453003
-0.135228231549263000
-0.219364345073699951
-0.105988249182701111
-0.213885411620140076
-0.132169097661972046
-0.188946962356567383
-0.213027685880661011
-0.191250681877136230
-0.236401900649070740
-0.140231877565383911
-0.222843542695045471
-0.235421657562255859
-0.163197964429855347
-0.190452098846435547
-0.142822891473770142
-0.117745921015739441
-0.241884857416152954
-0.273342460393905640
-0.296315312385559082
-0.159993931651115417
-0.355825394392013550
-0.367268741130828857
-0.220057263970375061
-0.150526016950607300
-0.208420097827911377
-0.086981639266014099
-0.205152481794357300
-0.206951916217803955
-0.198606118559837341
-0.229942947626113892
-0.074514746665954590
-0.176495909690856934
-0.141152814030647278
-0.218021243810653687
-0.144980266690254211
-0.142644301056861877
-0.145243704319000244
-0.291582971811294556
-0.087098501622676849
-0.135855346918106079
-0.200295984745025635
-0.112489722669124603
-0.258800238370895386
-0.198755905032157898
-0.202806964516639709
-0.244340509176254272
-0.086369730532169342
-0.341514647006988525
-0.257930189371109009
-0.234285384416580200
-0.355215042829513550
-0.185888782143592834
-0.115275815129280090
-0.173171833157539368
-0.177991226315498352
-0.190923139452934265
-0.201801866292953491
-0.188640013337135315
-0.275075316429138184
-0.150079339742660522
0.116526804864406586
-0.189072564244270325
-0.184478193521499634
-0.203673541545867920
-0.033935960382223129
-0.346351951360702515
-0.195639774203300476
-0.196202963590621948
-0.153652161359786987
-0.190248563885688782
-0.143064528703689575
-0.302203983068466187
-0.177953019738197327
-0.197052106261253357
-0.211815953254699707
-0.095247268676757812
-0.171143785119056702
-0.240854591131210327
-0.218429431319236755
-0.211421921849250793
-0.204202950000762939
-0.056631892919540405
-0.069971904158592224
-0.208110779523849487
-0.187200725078582764
-0.207923024892807007
-0.153952881693840027
-0.226569026708602905
-0.198086544871330261
-0.167853623628616333
-0.202199563384056091
-0.201038241386413574
-0.105143755674362183
-0.170481368899345398
-0.213924273848533630
0.039596058428287506
-0.107683382928371429
-0.274493455886840820
-0.269040733575820923
-0.260267823934555054
-0.281933903694152832
-0.191734522581100464
-0.194046348333358765
-0.294364929199218750
-0.182235419750213623
-0.290273129940032959
-0.106415539979934692
-0.207572579383850098
-0.264752835035324097
-0.303197592496871948
-0.287798136472702026
-0.157869845628738403
-0.007105651311576366
-0.214186400175094604
-0.202192515134811401
-0.151609763503074646
-0.112343549728393555
0.024550074711441994
-0.097783088684082031
-0.138225451111793518
-0.179957747459411621
-0.321398168802261353
-0.217891857028007507
-0.136858657002449036
-0.079968392848968506
0.011651460081338882
-0.183850497007369995
-0.192575544118881226
-0.161397278308868408
-0.276863485574722290
-0.190925419330596924
-0.210108324885368347
-0.230515956878662109
-0.205480292439460754
-0.201684787869453430
-0.274145394563674927
-0.100519277155399323
-0.315171211957931519
-0.112055301666259766
-0.170047342777252197
-0.136426508426666260
-0.215665340423583984
-0.267289251089096069
-0.158426985144615173
-0.199737519025802612
-0.174545377492904663
-0.188592687249183655
-0.230733469128608704
-0.202356085181236267
-0.337601393461227417
-0.226601928472518921
-0.235517486929893494
-0.213326066732406616
-0.234617307782173157
-0.241234183311462402
-0.235826939344406128
-0.126482874155044556
-0.234062820672988892
-0.188728138804435730
-0.164635062217712402
-0.141678065061569214
-0.188189581036567688
-0.107584550976753235
-0.304830104112625122
-0.116209045052528381
-0.165138497948646545
-0.204584449529647827
-0.183345049619674683
-0.310223191976547241
-0.177751988172531128
-0.157479181885719299
-0.267602860927581787
-0.177651152014732361
-0.156918853521347046
-0.174050197005271912
-0.189249411225318909
-0.302800416946411133
-0.145665645599365234
-0.217922851443290710
-0.222581446170806885
-0.160946398973464966
-0.142348438501358032
-0.268311172723770142
-0.292008101940155029
-0.173982918262481689
-0.207916393876075745
-0.194009125232696533
-0.267894983291625977
-0.197272330522537231
-0.195115387439727783
-0.166471183300018311
-0.228643253445625305
-0.190261006355285645
-0.266718775033950806
-0.401000797748565674
-0.255011290311813354
-0.181693151593208313
-0.202539846301078796
-0.158919617533683777
-0.247609838843345642
-0.057332213968038559
-0.220319896936416626
-0.208376705646514893
-0.158687353134155273
-0.121199287474155426
-0.179472625255584717
-0.344943016767501831
-0.166220456361770630
-0.252310395240783691
-0.243505984544754028
-0.287777394056320190
-0.279723793268203735
-0.189737096428871155
-0.211347341537475586
-0.194293409585952759
-0.205022409558296204
-0.169366389513015747
-0.224268183112144470
-0.298661261796951294
-0.132767185568809509
-0.142798796296119690
-0.239908546209335327
-0.159279912710189819
-0.199853911995887756
-0.322538405656814575
-0.185953333973884583
-0.176310598850250244
-0.269071400165557861
-0.209718987345695496
-0.239559769630432129
-0.113969802856445312
-0.189715653657913208
-0.186976417899131775
-0.182852730154991150
-0.261499553918838501
-0.207341566681861877
-0.185800805687904358
-0.059755068272352219
-0.191480427980422974
-0.218286678194999695
-0.208783045411109924
-0.174155563116073608
-0.271490871906280518
-0.199922859668731689
-0.211674511432647705
-0.249232739210128784
-0.171726763248443604
-0.156604960560798645
-0.166925013065338135
-0.301463186740875244
-0.168512374162673950
-0.243371933698654175
-0.229651823639869690
-0.194695025682449341
-0.286039531230926514
-0.328764647245407104
-0.219690889120101929
-0.186197385191917419
-0.175520181655883789
-0.098674163222312927
-0.175625100731849670
-0.130351930856704712
-0.155537411570549011
-0.167934000492095947
-0.222239181399345398
-0.281887173652648926
-0.265243321657180786
-0.094651058316230774
-0.241225555539131165
-0.273116677999496460
-0.257160246372222900
-0.260430842638015747
-0.293425440788269043
-0.246995016932487488
-0.181963920593261719
-0.274007469415664673
-0.133586987853050232
-0.169812500476837158
-0.191901475191116333
-0.179559901356697083
-0.232496887445449829
-0.135247021913528442
-0.107716552913188934
-0.218356087803840637
-0.153940036892890930
-0.201536029577255249
-0.324301540851593018
-0.171331644058227539
