-0.102286063134670258
-0.130249038338661194
0.016886470839381218
0.053927272558212280
0.053070176392793655
-0.065007135272026062
-0.168091550469398499
-0.096206046640872955
0.060127928853034973
-0.089756488800048828
-0.075970575213432312
-0.011980662122368813
0.048014212399721146
-0.086671888828277588
-0.041463192552328110
-0.088697977364063263
-0.037827055901288986
-0.237557440996170044
-0.096518352627754211
-0.043416604399681091
0.030304646119475365
-0.238073691725730896
-0.006524236407130957
-0.070018678903579712
0.060616765171289444
0.025746168568730354
-0.169069543480873108
-0.120655000209808350
-0.155017867684364319
-0.092696025967597961
-0.001185143599286675
-0.096202105283737183
-0.092171438038349152
-0.178946316242218018
0.014558922499418259
-0.049802657216787338
0.027617491781711578
-0.169229984283447266
0.025902984663844109
0.037746716290712357
-0.029229272156953812
0.014037155546247959
-0.063782937824726105
-0.083131112158298492
0.104908071458339691
-0.055399347096681595
-0.055073596537113190
0.133189141750335693
0.077474363148212433
-0.186080753803253174
-0.081154845654964447
-0.208298370242118835
-0.024396870285272598
-0.029691047966480255
-0.059322264045476913
0.124287314713001251
-0.047476362437009811
-0.001440396765246987
-0.006885663606226444
-0.100195914506912231
-0.104021050035953522
-0.083675891160964966
0.000882343214470893
0.025870339944958687
-0.048998534679412842
-0.063093699514865875
0.019339451566338539
-0.037542324513196945
-0.048652071505784988
-0.080320343375205994
-0.112342588603496552
-0.153830885887145996
-0.103056401014328003
-0.085756897926330566
-0.070624627172946930
-0.072475589811801910
-0.090262152254581451
0.007539216428995132
-0.085021607577800751
-0.028706556186079979
0.000810978584922850
0.024940621107816696
-0.106755040585994720
-0.123709455132484436
-0.127055004239082336
0.093039646744728088
-0.029539104551076889
-0.084635525941848755
-0.056157048791646957
-0.121008142828941345
0.010295321233570576
-0.111767143011093140
-0.040747679769992828
-0.010973185300827026
-0.051184304058551788
-0.132639795541763306
0.045406773686408997
-0.107192620635032654
-0.101829871535301208
-0.169868990778923035
-0.033819828182458878
-0.095022305846214294
-0.189678058028221130
0.062315482646226883
-0.021019754931330681
0.093181088566780090
-0.098589852452278137
0.082313142716884613
-0.091109439730644226
0.071119785308837891
-0.110609903931617737
0.017561439424753189
-0.016361575573682785
-0.247180119156837463
-0.118508078157901764
-0.047748018056154251
-0.065116703510284424
0.177139341831207275
0.014971162192523479
-0.044932693243026733
-0.153647750616073608
0.085648015141487122
0.021405555307865143
-0.077496096491813660
-0.011504329741001129
-0.018904510885477066
0.053105186671018600
-0.085857212543487549
-0.038039330393075943
0.072168946266174316
-0.027858430519700050
0.024389585480093956
-0.067952573299407959
-0.043381761759519577
-0.034377191215753555
-0.161843597888946533
-0.022166449576616287
-0.049200709909200668
0.043179843574762344
-0.154618114233016968
-0.109030842781066895
-0.135244041681289673
-0.127626046538352966
0.043545603752136230
0.017694657668471336
-0.065637752413749695
-0.061107486486434937
0.202461406588554382
-0.013971699401736259
-0.124578826129436493
0.008559250272810459
-0.018228266388177872
0.031176298856735229
-0.148220330476760864
-0.186647132039070129
-0.005104072857648134
-0.081572853028774261
-0.181947827339172363
-0.097724840044975281
-0.037766743451356888
0.000180643954081461
-0.038662746548652649
-0.063521854579448700
0.146074309945106506
-0.128203555941581726
-0.074300035834312439
0.030984992161393166
-0.122840113937854767
-0.042528953403234482
0.025414895266294479
-0.092340156435966492
0.000490871549118310
-0.016612581908702850
-0.135661631822586060
-0.062527745962142944
0.006008753553032875
0.037422519177198410
-0.000798370107077062
-0.133080229163169861
-0.041385754942893982
-0.202340036630630493
-0.016247309744358063
-0.196248427033424377
-0.072524711489677429
0.020790116861462593
-0.058455470949411392
-0.113474167883396149
-0.136087164282798767
-0.106707960367202759
-0.171915337443351746
0.014488570392131805
-0.039008367806673050
0.042631790041923523
-0.119871079921722412
0.081119202077388763
-0.099114306271076202
-0.177935883402824402
-0.084462821483612061
0.001021570060402155
-0.008250709623098373
0.007776912767440081
-0.098569534718990326
-0.094069279730319977
0.069623224437236786
-0.110015489161014557
-0.114589355885982513
0.017814472317695618
-0.171108096837997437
-0.014442942105233669
-0.028208078816533089
0.048741236329078674
-0.051264539361000061
-0.096291333436965942
0.038625724613666534
-0.103671208024024963
0.012829343788325787
-0.049016419798135757
-0.029189186170697212
-0.055315081030130386
-0.140197321772575378
0.002233777428045869
-0.079135201871395111
-0.017436085268855095
0.010842223651707172
-0.006638902239501476
0.025009891018271446
0.002807348733767867
-0.014990857802331448
-0.117217250168323517
0.033509459346532822
0.003361153183504939
-0.100464798510074615
-0.173486888408660889
-0.113840632140636444
-0.080396108329296112
-0.032858897000551224
-0.028634877875447273
-0.213337972760200500
-0.015134591609239578
-0.087584488093852997
0.014558846130967140
-0.027689198032021523
-0.142149314284324646
0.027244545519351959
0.034967716783285141
-0.148342907428741455
-0.130571261048316956
-0.059593148529529572
-0.136536061763763428
-0.100314632058143616
-0.008330902084708214
-0.090576551854610443
-0.101207323372364044
-0.142599269747734070
0.043189913034439087
-0.078463092446327209
-0.046141356229782104
0.015669353306293488
0.014961842447519302
-0.128983095288276672
0.068532347679138184
-0.147779911756515503
-0.125879645347595215
-0.057315338402986526
0.099854372441768646
-0.023377442732453346
-0.134026616811752319
0.017321264371275902
0.167295977473258972
0.069253735244274139
0.006963011343032122
0.020260453224182129
-0.050785526633262634
-0.139707967638969421
-0.129199564456939697
-0.033091690391302109
0.008835384622216225
0.120834350585937500
-0.180802360177040100
-0.014880677685141563
-0.130246669054031372
0.032281685620546341
-0.098632380366325378
-0.062033958733081818
0.078146561980247498
0.080888614058494568
-0.091806799173355103
-0.045004248619079590
-0.124604038894176483
-0.048471555113792419
-0.075580000877380371
0.069195330142974854
-0.038243465125560760
-0.006286586634814739
-0.047689322382211685
-0.060282703489065170
-0.048452973365783691
-0.035499189049005508
-0.102492503821849823
-0.063373453915119171
0.151472017168998718
-0.132043451070785522
-0.071425773203372955
0.040202025324106216
-0.034153949469327927
-0.008526297286152840
0.001868091756477952
-0.029315622523427010
-0.152260884642601013
-0.033686190843582153
-0.048225264996290207
-0.097569197416305542
-0.040431398898363113
-0.091853119432926178
-0.000274547142907977
0.022158561274409294
-0.055238679051399231
-0.068588204681873322
0.031947933137416840
0.150192931294441223
-0.117370106279850006
-0.129926994442939758
0.018275624141097069
-0.015077178366482258
-0.146364510059356689
-0.084167182445526123
-0.030010446906089783
-0.073431864380836487
-0.053853929042816162
-0.128082916140556335
0.040759146213531494
-0.089651875197887421
-0.140781417489051819
0.057215444743633270
0.028043221682310104
-0.009148884564638138
-0.103762149810791016
-0.024293284863233566
-0.084685154259204865
-0.022410511970520020
-0.002665055450052023
-0.115365266799926758
-0.046596862375736237
0.030503004789352417
-0.105997964739799500
-0.009156661108136177
-0.074790433049201965
0.000416375813074410
-0.088799744844436646
-0.142314016819000244
-0.039686508476734161
-0.164266258478164673
-0.045067820698022842
0.033121384680271149
0.000794691150076687
-0.154220223426818848
0.099866934120655060
-0.004623253829777241
-0.057052616029977798
-0.084284275770187378
0.054957464337348938
-0.181352913379669189
-0.138677909970283508
-0.033479947596788406
0.047180138528347015
-0.032469883561134338
-0.003393826074898243
-0.021033396944403648
0.039258215576410294
0.009294880554080009
-0.018768135458230972
-0.097337275743484497
0.518636882305145264
0.018137706443667412
-0.040452830493450165
-0.057851087301969528
-0.014342993497848511
-0.026796232908964157
-0.042246200144290924
0.004108027089387178
-0.077753096818923950
-0.048641107976436615
0.035889718681573868
-0.156306773424148560
-0.082575403153896332
-0.148549586534500122
-0.098729662597179413
-0.002837631618604064
-0.024289524182677269
-0.065538354218006134
0.007585558574646711
-0.139744877815246582
-0.104217216372489929
-0.082347445189952850
-0.055216770619153976
0.007889471016824245
-0.047023639082908630
0.065973296761512756
-0.106289945542812347
-0.057186860591173172
-0.055214062333106995
-0.080113023519515991
-0.089246161282062531
0.028202004730701447
0.123264215886592865
-0.205944702029228210
-0.020338119938969612
-0.024089302867650986
0.082835897803306580
0.004376356489956379
-0.031188575550913811
-0.171535283327102661
0.046387907117605209
-0.071442171931266785
0.032068304717540741
-0.096684865653514862
-0.066919073462486267
-0.034415237605571747
-0.076992206275463104
0.056344293057918549
-0.146838799118995667
-0.069553084671497345
-0.007230993825942278
-0.024979148060083389
-0.043236706405878067
-0.062539987266063690
-0.002472294028848410
0.008895013481378555
-0.082210227847099304
-0.124439500272274017
0.070838384330272675
0.016015749424695969
-0.134764268994331360
-0.062673725187778473
-0.105391547083854675
0.142106071114540100
-0.008647832088172436
-0.076715737581253052
-0.125100940465927124
-0.054730702191591263
-0.131304442882537842
-0.023041823878884315
0.015469311736524105
-0.048934523016214371
-0.001272793044336140
0.045024156570434570
0.033201288431882858
-0.046739589422941208
-0.105459287762641907
0.048533618450164795
-0.112342685461044312
-0.077348835766315460
0.006613831501454115
-0.037837632000446320
-0.017475679516792297
-0.031531814485788345
0.045497957617044449
-0.178286343812942505
-0.030906219035387039
-0.087056294083595276
-0.073235437273979187
-0.033447694033384323
-0.021014949306845665
0.086904920637607574
-0.056695323437452316
0.047351341694593430
-0.197582125663757324
-0.091190963983535767
-0.123399712145328522
-0.057475566864013672
-0.064887329936027527
-0.092377930879592896
-0.011430330574512482
-0.075701676309108734
-0.111604616045951843
-0.029058512300252914
-0.049384552985429764
-0.032026577740907669
-0.191926106810569763
-0.064089700579643250
-0.022607596591114998
-0.168679460883140564
0.005069214385002851
-0.127234816551208496
0.092186294496059418
-0.086096741259098053
-0.060362476855516434
-0.111018650233745575
-0.000974225928075612
-0.026892930269241333
-0.126492887735366821
0.080551803112030029
-0.088566742837429047
0.001658972469158471
-0.018472306430339813
-0.013238501735031605
-0.089863121509552002
-0.102585695683956146
-0.092393301427364349
-0.059867892414331436
-0.024012314155697823
-0.005873224698007107
0.080796264111995697
-0.040349479764699936
-0.112877503037452698
0.087437734007835388
-0.008287863805890083
-0.194065406918525696
-0.147339150309562683
-0.034332629293203354
-0.019007645547389984
-0.006106022279709578
