2.307171523571014404e-01
2.538224756717681885e-01
-1.054298081726301461e-06
-6.643888950347900391e-01
-1.657055470616342063e-08
1.615219265222549438e-01
4.545039534568786621e-01
-4.301950013996247435e-07
3.005137443542480469e-01
-8.005239578778855503e-06
3.494180738925933838e-01
3.114806115627288818e-01
-2.495297640562057495e-01
-3.474890036159195006e-05
1.077263131737709045e-01
2.189706563949584961e-01
3.814125955104827881e-01
-5.298821330070495605e-01
-6.286441087722778320e-01
5.713980793952941895e-01
2.998469173908233643e-01
5.843037366867065430e-01
4.820215404033660889e-01
3.285263478755950928e-01
1.967170089483261108e-01
1.949618011713027954e-01
1.521454155445098877e-01
8.552236109972000122e-02
5.131428241729736328e-01
1.523673534393310547e-02
1.664417684078216553e-01
3.323943912982940674e-01
2.492112368345260620e-01
4.433666765689849854e-01
-2.801692783832550049e-01
-2.038480155169963837e-02
-2.450687475175072905e-07
3.213405013084411621e-01
-4.915174400821342715e-08
2.377673089504241943e-01
2.329077273607254028e-01
3.152746260166168213e-01
4.277623891830444336e-01
2.931275367736816406e-01
2.637942433357238770e-01
6.759758591651916504e-01
4.291003942489624023e-01
3.456627428531646729e-01
-8.690901864838451729e-08
2.472943663597106934e-01
3.031608462333679199e-01
6.157727837562561035e-01
3.983485698699951172e-01
3.320673406124114990e-01
-4.121878147125244141e-01
3.780690431594848633e-01
1.789534091949462891e-01
2.574778795242309570e-01
-4.490797221660614014e-01
2.130589485168457031e-01
5.693390369415283203e-01
5.727429986000061035e-01
-4.023834764957427979e-01
2.340637296438217163e-01
