2.768110251054167747e-03
-2.576892450451850891e-02
2.125446627587734838e-07
-8.460514992475509644e-02
2.112059149794731638e-08
4.969064611941576004e-04
-2.240832708775997162e-02
-1.158189562033840048e-07
-4.823850002139806747e-03
2.750733472112187883e-07
3.958230093121528625e-02
3.199363872408866882e-02
-3.748966008424758911e-02
-1.371634766655915882e-06
6.600193213671445847e-03
4.378189798444509506e-03
6.479714810848236084e-02
1.117599904537200928e-01
3.600157052278518677e-02
-7.507521659135818481e-02
-3.824009001255035400e-02
8.435785025358200073e-02
-5.228700116276741028e-02
-1.179888937622308731e-02
1.301880576647818089e-03
3.217229619622230530e-02
-1.778430491685867310e-02
-9.100858867168426514e-02
1.131872385740280151e-01
-4.163200408220291138e-02
8.730247616767883301e-03
2.969316951930522919e-02
-7.050216943025588989e-02
-3.484697779640555382e-03
1.097714677453041077e-01
-1.734118210151791573e-03
-5.942294123428837338e-08
2.933038957417011261e-02
-7.855272876611252286e-09
6.732044741511344910e-03
-3.709995420649647713e-03
1.602795720100402832e-02
-2.788260579109191895e-02
2.659253776073455811e-02
2.847455255687236786e-02
-1.273465901613235474e-01
4.461684077978134155e-02
2.632883749902248383e-02
2.145385913365771557e-08
-1.704500056803226471e-02
-3.561681136488914490e-03
-4.584126174449920654e-02
6.387614458799362183e-02
1.521982718259096146e-02
-3.851145505905151367e-02
-1.642783172428607941e-02
-1.656892895698547363e-02
5.605749413371086121e-02
-8.030623197555541992e-02
-2.664575120434165001e-03
-4.171766713261604309e-02
1.261127293109893799e-01
-4.923696815967559814e-02
-1.326092053204774857e-02
