1.016944885253906250e+00
3.716743469238281250e+00
5.813343556537731160e-11
3.282542705535888672e+00
1.710744041002673632e-13
6.582269668579101562e-01
4.370062351226806641e+00
6.600452823191105267e-12
9.155229926109313965e-01
1.931752535710984375e-09
4.125585556030273438e+00
2.743992328643798828e+00
2.839091300964355469e+00
4.796585884037085634e-08
1.107227134704589844e+01
5.007459521293640137e-01
2.231281757354736328e+00
4.825706958770751953e+00
2.698613643646240234e+00
9.369955062866210938e+00
3.733917474746704102e+00
5.484295845031738281e+00
5.712668895721435547e+00
4.454448819160461426e-01
4.362753033638000488e-01
7.156335830688476562e+00
1.371790885925292969e+01
5.251174926757812500e+00
6.817375183105468750e+00
1.672357559204101562e+00
1.653430342674255371e+00
1.232459783554077148e+00
4.907628536224365234e+00
3.073051214218139648e+00
4.238385677337646484e+00
4.993635177612304688e+00
1.446463066510916828e-12
1.521162033081054688e+00
1.035198334930868824e-13
3.513440787792205811e-01
1.702474802732467651e-01
1.420544743537902832e+00
1.908483028411865234e+00
2.151240348815917969e+00
2.660849332809448242e+00
4.844433784484863281e+00
1.929711937904357910e+00
1.499943614006042480e+00
2.948061445569999384e-13
1.530640244483947754e+00
3.650271892547607422e-01
2.937554121017456055e+00
5.466411590576171875e+00
7.079245448112487793e-01
3.331507205963134766e+00
7.718029618263244629e-01
2.406783580780029297e+00
6.521366596221923828e+00
4.126250267028808594e+00
1.050635218620300293e+00
2.953032016754150391e+00
1.136562156677246094e+01
4.769046783447265625e+00
1.655878067016601562e+00
