2.348727434873580933e-01
2.662579417228698730e-01
-5.109595946350964368e-08
5.186997056007385254e-01
3.440401963317185619e-09
2.223852872848510742e-01
4.228870570659637451e-01
1.315324027473252499e-07
2.509316504001617432e-01
1.515202598056930583e-06
3.168716430664062500e-01
2.504918277263641357e-01
3.789260983467102051e-01
1.086183510778937489e-05
2.752639949321746826e-01
2.367410361766815186e-01
2.420217692852020264e-01
3.953148126602172852e-01
4.693462848663330078e-01
2.908957004547119141e-01
2.726841866970062256e-01
2.780282795429229736e-01
2.906920909881591797e-01
2.069274932146072388e-01
2.589903771877288818e-01
2.787105739116668701e-01
2.911495268344879150e-01
3.160137534141540527e-01
3.888914883136749268e-01
3.041118979454040527e-01
2.677572071552276611e-01
2.109251618385314941e-01
2.870841324329376221e-01
3.324264287948608398e-01
4.267280399799346924e-01
3.732605576515197754e-01
7.480375785462456406e-08
1.906781196594238281e-01
1.474012556457182654e-08
2.230298221111297607e-01
1.790794134140014648e-01
2.486007660627365112e-01
2.739952802658081055e-01
2.592286467552185059e-01
2.942022085189819336e-01
2.992364168167114258e-01
2.236888408660888672e-01
2.627994716167449951e-01
2.200114757044957514e-08
2.660980820655822754e-01
2.208902984857559204e-01
2.842855155467987061e-01
3.307233154773712158e-01
2.268095314502716064e-01
3.653809130191802979e-01
2.122988104820251465e-01
2.396530210971832275e-01
2.494957596063613892e-01
5.258306860923767090e-01
2.482475787401199341e-01
2.956527471542358398e-01
2.587766647338867188e-01
4.832563996315002441e-01
2.667044401168823242e-01
