1.676668524742126465e-01
5.160393659025430679e-03
7.868131995201110840e-01
1.669578999280929565e-01
4.774493873119354248e-01
-3.622277453541755676e-02
-5.783065035939216614e-02
2.010756870731711388e-03
-3.420213162899017334e-01
6.742123514413833618e-02
-9.704244136810302734e-02
-9.997886419296264648e-02
-6.590854376554489136e-02
-3.845790401101112366e-02
-7.088993489742279053e-02
-2.217576950788497925e-01
-1.343420296907424927e-01
1.197915375232696533e-01
-6.015954166650772095e-02
6.184253143146634102e-04
8.636233210563659668e-02
-1.466161757707595825e-01
3.536897897720336914e-02
-1.539135724306106567e-01
-4.157380759716033936e-02
-4.317129552364349365e-01
3.296595811843872070e-02
-7.972022891044616699e-02
-5.868362784385681152e-01
-2.461404651403427124e-01
-1.504879146814346313e-01
-4.012437462806701660e-01
-2.187386900186538696e-01
-6.351212263107299805e-01
6.979164481163024902e-02
1.411559879779815674e-01
2.753797769546508789e-01
-5.644552111625671387e-01
-1.113464608788490295e-01
-2.413677722215652466e-01
-1.313145458698272705e-01
-2.150402963161468506e-02
1.263933330774307251e-01
-1.684290319681167603e-01
1.692583858966827393e-01
-4.684059023857116699e-01
-6.907578706741333008e-01
2.044117897748947144e-01
1.474908203817903996e-03
-5.425360426306724548e-02
-1.486735045909881592e-01
1.261610388755798340e-01
-1.145321950316429138e-01
-1.596743613481521606e-01
1.229874044656753540e-01
-1.605283915996551514e-01
-2.256168872117996216e-01
-9.954534471035003662e-02
-1.620959490537643433e-01
3.229561448097229004e-01
-5.539033096283674240e-03
1.091101765632629395e-01
7.811440527439117432e-02
1.212779246270656586e-02
