7.110934853553771973e-01
5.543095469474792480e-01
6.142617464065551758e-01
5.147702693939208984e-01
2.840331196784973145e-01
4.923556149005889893e-01
3.535834550857543945e-01
3.939001262187957764e-01
2.511087357997894287e-01
4.858768582344055176e-01
1.802885681390762329e-01
7.467711567878723145e-01
4.225311875343322754e-01
3.685585558414459229e-01
1.719397008419036865e-01
2.777020335197448730e-01
3.676021695137023926e-01
2.310680449008941650e-01
3.514838516712188721e-01
4.916703999042510986e-01
1.392538696527481079e-01
1.732183694839477539e-01
6.247634291648864746e-01
3.037983775138854980e-01
1.599142849445343018e-01
5.246396064758300781e-01
2.409917265176773071e-01
5.096161365509033203e-01
5.251027941703796387e-01
5.368981957435607910e-01
1.799947768449783325e-01
1.062262773513793945e+00
4.005585014820098877e-01
2.059985697269439697e-01
5.194409489631652832e-01
4.980683326721191406e-01
4.250011146068572998e-01
2.616316080093383789e-01
8.251683115959167480e-01
4.990863800048828125e-01
3.289668858051300049e-01
3.642026484012603760e-01
2.716390192508697510e-01
6.520435810089111328e-01
4.492477178573608398e-01
2.752829492092132568e-01
3.377279043197631836e-01
3.167264461517333984e-01
3.829707205295562744e-01
4.624350368976593018e-01
4.097761511802673340e-01
5.566428899765014648e-01
5.048201084136962891e-01
4.747301936149597168e-01
6.820167303085327148e-01
4.387204051017761230e-01
3.506078124046325684e-01
2.995493113994598389e-01
5.594730973243713379e-01
6.855300664901733398e-01
5.260429978370666504e-01
6.477879285812377930e-01
4.959568381309509277e-01
5.448540449142456055e-01
