3.910127878189086914e-01
4.374744892120361328e-01
3.745703399181365967e-01
3.989934027194976807e-01
3.404261171817779541e-01
3.502754867076873779e-01
2.618320286273956299e-01
2.706864476203918457e-01
2.865098416805267334e-01
4.307500720024108887e-01
1.894637048244476318e-01
3.041251301765441895e-01
3.836961686611175537e-01
2.943559288978576660e-01
2.105274051427841187e-01
3.304062187671661377e-01
2.942710816860198975e-01
2.887487411499023438e-01
2.059884071350097656e-01
4.626501202583312988e-01
2.334961742162704468e-01
1.830999851226806641e-01
4.488703906536102295e-01
2.829725742340087891e-01
3.389032483100891113e-01
2.996584773063659668e-01
3.502526283264160156e-01
2.735008895397186279e-01
3.907545208930969238e-01
2.816857695579528809e-01
2.636065483093261719e-01
4.462336003780364990e-01
3.281568288803100586e-01
3.775942623615264893e-01
4.470840394496917725e-01
3.877533376216888428e-01
2.515907883644104004e-01
3.171939849853515625e-01
3.660853207111358643e-01
3.165885508060455322e-01
3.817594051361083984e-01
3.128347694873809814e-01
2.273671030998229980e-01
3.627161681652069092e-01
2.902183830738067627e-01
2.380755394697189331e-01
2.987517118453979492e-01
2.468719482421875000e-01
3.839693069458007812e-01
2.886210381984710693e-01
3.196814358234405518e-01
2.879388332366943359e-01
3.217515945434570312e-01
4.558596014976501465e-01
3.500261306762695312e-01
2.419833838939666748e-01
3.395643532276153564e-01
3.518875539302825928e-01
3.838807046413421631e-01
3.805678486824035645e-01
4.039354920387268066e-01
2.825680971145629883e-01
4.594338536262512207e-01
3.341850936412811279e-01
