-4.331900775432586670e-01
-1.756949126720428467e-01
3.074748069047927856e-02
-7.058067917823791504e-01
-1.636446118354797363e+00
-7.989203929901123047e-01
-6.781670451164245605e-02
-1.955502778291702271e-01
-1.126038670539855957e+00
-9.577850103378295898e-01
3.038302063941955566e-03
-1.826511025428771973e+00
-3.933863714337348938e-02
-8.679856061935424805e-01
-1.106183528900146484e+00
-6.359201073646545410e-01
-9.871941804885864258e-01
-5.777867436408996582e-01
-1.334917306900024414e+00
-3.407807946205139160e-01
-1.198194146156311035e+00
-1.605751633644104004e+00
-2.170181035995483398e+00
-8.813604712486267090e-01
-8.174684047698974609e-01
-6.951061487197875977e-01
6.542076468467712402e-01
-1.642239093780517578e+00
2.811313867568969727e-01
3.162965476512908936e-01
-4.123296439647674561e-01
-1.402285218238830566e+00
-1.504384398460388184e+00
-2.503078699111938477e+00
-2.158049821853637695e+00
-1.364501118659973145e+00
-8.579090833663940430e-01
-2.205959260463714600e-01
-2.554775238037109375e+00
-2.269485473632812500e+00
-1.609251350164413452e-01
-8.551720976829528809e-01
5.288609266281127930e-01
1.349204659461975098e+00
-9.381544589996337891e-01
-3.355657160282135010e-01
-2.916777133941650391e+00
-1.596724987030029297e+00
-1.887467265129089355e+00
-1.616621255874633789e+00
-1.944321632385253906e+00
-2.019488334655761719e+00
-9.670847654342651367e-01
-1.388074278831481934e+00
-1.883634328842163086e+00
1.868518292903900146e-01
-1.348730802536010742e+00
-4.593327343463897705e-01
-4.541711807250976562e-01
-9.032111763954162598e-01
-7.679732888936996460e-02
-1.771876692771911621e+00
1.248418092727661133e+00
-9.138578772544860840e-01
