2.275226712226867676e-01
8.674697950482368469e-03
-6.734643131494522095e-02
-6.877865642309188843e-02
3.597745299339294434e-01
-2.016673237085342407e-01
-4.843088754569180310e-05
2.373508363962173462e-02
3.954934477806091309e-01
3.707880154252052307e-02
6.879298482090234756e-03
2.757774889469146729e-01
-7.027227431535720825e-02
-2.397017329931259155e-01
-8.175276964902877808e-02
-9.413190186023712158e-02
-1.454355716705322266e-01
3.730113804340362549e-02
-3.617385327816009521e-01
-3.956138789653778076e-01
-4.078902006149291992e-01
3.555883886292576790e-03
-2.787797451019287109e-01
-3.529949486255645752e-02
-7.028120756149291992e-02
2.100549787282943726e-01
-4.636228084564208984e-03
-1.966480314731597900e-01
-2.806607782840728760e-01
-1.654038205742835999e-02
2.645184695720672607e-01
-8.935884386301040649e-02
-2.104600071907043457e-01
-1.302609443664550781e-01
1.721465289592742920e-01
5.340288579463958740e-02
-2.229544669389724731e-01
-4.803334921598434448e-02
2.457160204648971558e-01
2.094952017068862915e-01
1.622002422809600830e-01
1.136984378099441528e-01
1.145664602518081665e-01
-1.487005800008773804e-01
-3.215042129158973694e-02
-3.054879903793334961e-01
4.912466108798980713e-01
1.087302640080451965e-01
1.277904212474822998e-02
1.004418060183525085e-01
4.155333936214447021e-01
-1.470983400940895081e-02
2.392233908176422119e-02
9.981203824281692505e-02
-1.727314740419387817e-01
1.007817164063453674e-01
-1.456356942653656006e-01
-2.273538708686828613e-01
1.363651752471923828e-01
2.012657523155212402e-01
-5.743043497204780579e-02
2.353019267320632935e-01
-1.129874438047409058e-01
3.093305528163909912e-01
