1.129768639802932739e-01
4.123732820153236389e-02
3.354496508836746216e-02
1.282284259796142578e-01
2.083783149719238281e-01
3.068457357585430145e-02
6.056605279445648193e-02
7.370543479919433594e-02
3.130952641367912292e-02
4.085587710142135620e-02
1.375745683908462524e-01
3.987279161810874939e-02
4.366905242204666138e-02
2.822352387011051178e-02
1.588283926248550415e-01
2.877852506935596466e-02
8.365578949451446533e-02
7.987450063228607178e-02
1.773014850914478302e-02
1.839135885238647461e-01
8.838675916194915771e-02
3.054120242595672607e-01
1.512061357498168945e-01
3.935189917683601379e-02
3.735225275158882141e-02
9.694090485572814941e-02
1.718719154596328735e-01
6.103713810443878174e-02
6.067203730344772339e-02
1.560142040252685547e-01
4.476687312126159668e-02
1.235525831580162048e-01
4.639062657952308655e-02
1.005312353372573853e-01
4.975325986742973328e-02
4.814686998724937439e-02
4.500646516680717468e-02
1.228988990187644958e-01
6.231367215514183044e-02
3.806310892105102539e-02
2.290647663176059723e-02
1.226611882448196411e-01
1.656243801116943359e-01
1.046513319015502930e-01
1.316066831350326538e-01
1.833581924438476562e-01
6.224377825856208801e-02
1.272344291210174561e-01
1.929056793451309204e-01
4.188837110996246338e-02
2.628400921821594238e-02
2.622892260551452637e-01
7.119671255350112915e-02
1.442372053861618042e-01
9.370874613523483276e-02
9.825874119997024536e-02
1.162820681929588318e-01
1.510952264070510864e-01
1.008745506405830383e-01
3.422529995441436768e-02
1.854390352964401245e-01
6.980545818805694580e-02
6.305220723152160645e-02
3.495907038450241089e-02
