2.559702992439270020e-01
5.689513683319091797e-01
4.042059183120727539e-01
5.129894614219665527e-01
2.177550941705703735e-01
4.940482974052429199e-01
3.314849436283111572e-01
5.510482192039489746e-01
4.354293644428253174e-01
5.291369557380676270e-01
2.080723941326141357e-01
4.734968841075897217e-01
5.944698452949523926e-01
5.644730925559997559e-01
2.761349678039550781e-01
2.571068406105041504e-01
4.852843880653381348e-01
6.240255832672119141e-01
4.369541704654693604e-01
2.307900935411453247e-01
4.970251321792602539e-01
3.157172501087188721e-01
5.705912709236145020e-01
2.162001281976699829e-01
1.931862980127334595e-01
1.447739154100418091e-01
2.217510193586349487e-01
2.388839870691299438e-01
5.871390104293823242e-01
3.500597774982452393e-01
4.108519554138183594e-01
3.199290931224822998e-01
5.807582736015319824e-01
3.280747830867767334e-01
2.723132371902465820e-01
1.971457600593566895e-01
6.139035224914550781e-01
4.075039625167846680e-01
6.303726434707641602e-01
3.873898983001708984e-01
7.605354189872741699e-01
2.110709398984909058e-01
3.071388900279998779e-01
4.603255093097686768e-01
3.098550736904144287e-01
1.914458721876144409e-01
4.431337118148803711e-01
2.536841332912445068e-01
5.745158791542053223e-01
6.458668112754821777e-01
3.913562297821044922e-01
3.089781701564788818e-01
6.781556010246276855e-01
1.937486529350280762e-01
5.814269185066223145e-01
2.569589316844940186e-01
3.514007031917572021e-01
2.124304473400115967e-01
5.793966054916381836e-01
3.415300250053405762e-01
2.050679177045822144e-01
7.152548432350158691e-02
4.089863598346710205e-01
4.415681064128875732e-01
