1.656606793403625488e-01
2.419594675302505493e-01
1.779647022485733032e-01
-4.313763976097106934e-02
-2.053310573101043701e-01
1.597505360841751099e-01
2.929357886314392090e-01
9.117772430181503296e-02
1.116466000676155090e-01
8.837335556745529175e-02
1.104137673974037170e-01
-2.035236060619354248e-01
1.539286226034164429e-01
8.571950346231460571e-02
-1.093984320759773254e-01
6.544987112283706665e-02
7.659455388784408569e-02
-2.066872119903564453e-01
-2.118567004799842834e-02
1.396372914314270020e-01
4.012493044137954712e-02
-2.827498018741607666e-01
-3.257059156894683838e-01
-3.465542569756507874e-03
-4.373013675212860107e-01
-1.248449683189392090e-01
1.282428950071334839e-01
-8.739347755908966064e-02
1.199220493435859680e-01
-8.292984217405319214e-02
-5.315352082252502441e-01
-7.803100347518920898e-02
-3.876272737979888916e-01
-5.465623736381530762e-02
-1.815549135208129883e-01
-1.888497769832611084e-01
1.320116668939590454e-01
3.135126084089279175e-03
-2.697143256664276123e-01
-2.983896434307098389e-01
1.393522173166275024e-01
2.596566081047058105e-01
1.372453868389129639e-01
5.264272913336753845e-03
1.315023843199014664e-02
3.294556438922882080e-01
-2.715069353580474854e-01
-1.867433637380599976e-02
-2.466976940631866455e-01
1.579423546791076660e-01
1.646021381020545959e-02
-8.904935419559478760e-02
-1.902782171964645386e-01
-7.867437601089477539e-02
1.700129657983779907e-01
-4.831828773021697998e-01
6.192142516374588013e-02
-6.770972162485122681e-02
3.124650418758392334e-01
-5.063957571983337402e-01
3.138132095336914062e-01
-2.617348730564117432e-01
-1.544931232929229736e-01
6.281006615608930588e-03
