3.090434670448303223e-01
2.147111594676971436e-01
2.365766763687133789e-01
4.259313941001892090e-01
5.136860609054565430e-01
2.181091904640197754e-01
2.204405367374420166e-01
2.299534380435943604e-01
2.640055418014526367e-01
2.694514393806457520e-01
2.137776315212249756e-01
4.601908922195434570e-01
2.660883963108062744e-01
2.318978458642959595e-01
3.900322318077087402e-01
2.388547509908676147e-01
2.660450935363769531e-01
3.634481728076934814e-01
3.474125564098358154e-01
2.477005869150161743e-01
3.284530043601989746e-01
5.349345803260803223e-01
6.440200805664062500e-01
2.274935543537139893e-01
4.481808543205261230e-01
3.078172802925109863e-01
2.604122757911682129e-01
4.650680720806121826e-01
2.179462462663650513e-01
2.858153879642486572e-01
3.425617218017578125e-01
4.419967830181121826e-01
4.449767470359802246e-01
4.500186741352081299e-01
5.515506863594055176e-01
5.092067122459411621e-01
2.564454972743988037e-01
2.634188532829284668e-01
5.663510560989379883e-01
6.409561038017272949e-01
2.227568179368972778e-01
1.986016929149627686e-01
2.459541559219360352e-01
2.242011129856109619e-01
2.143112570047378540e-01
1.982161849737167358e-01
6.367655992507934570e-01
3.105548322200775146e-01
5.049276351928710938e-01
2.402745485305786133e-01
3.064938187599182129e-01
3.759861290454864502e-01
3.793805241584777832e-01
4.280641376972198486e-01
2.990819215774536133e-01
3.326320648193359375e-01
2.596467137336730957e-01
3.345327973365783691e-01
2.005659937858581543e-01
4.350556433200836182e-01
1.682602465152740479e-01
5.149378776550292969e-01
2.628827393054962158e-01
3.253703713417053223e-01
