4.846614971756935120e-02
1.034479737281799316e-01
6.633754074573516846e-02
4.580729454755783081e-02
1.146878153085708618e-01
5.340311303734779358e-02
6.543727219104766846e-02
4.670346900820732117e-02
4.420443251729011536e-02
8.199305832386016846e-02
3.320423886179924011e-02
4.000861570239067078e-02
3.790133446455001831e-02
8.487392216920852661e-02
4.092223569750785828e-02
2.823732420802116394e-02
8.206067979335784912e-02
6.993492692708969116e-02
3.265723586082458496e-02
4.969263076782226562e-02
5.061715841293334961e-02
1.059760004281997681e-01
9.214481711387634277e-02
3.000910580158233643e-02
1.695824787020683289e-02
3.831338509917259216e-02
3.583679348230361938e-02
3.825867921113967896e-02
7.453411817550659180e-02
5.790821090340614319e-02
3.895280510187149048e-02
5.043464899063110352e-02
4.937786981463432312e-02
6.170389428734779358e-02
4.575535282492637634e-02
3.470003604888916016e-02
5.254443734884262085e-02
5.753640457987785339e-02
4.748439043760299683e-02
3.539026528596878052e-02
6.580179929733276367e-02
3.356989100575447083e-02
4.373006150126457214e-02
7.344497740268707275e-02
5.741548165678977966e-02
5.962900444865226746e-02
4.517490044236183167e-02
4.034289717674255371e-02
7.890310883522033691e-02
5.507484823465347290e-02
3.279543668031692505e-02
7.745004445314407349e-02
7.216721773147583008e-02
3.902977705001831055e-02
5.013749003410339355e-02
3.936570510268211365e-02
4.543177038431167603e-02
4.501360282301902771e-02
8.989608287811279297e-02
2.966289222240447998e-02
5.269316211342811584e-02
1.840149238705635071e-02
5.255981162190437317e-02
3.397063538432121277e-02
