4.350549876689910889e-01
2.043539583683013916e-01
2.343710660934448242e-01
5.558691024780273438e-01
9.625808000564575195e-01
3.483723700046539307e-01
8.709128946065902710e-02
6.851261854171752930e-01
4.714474081993103027e-01
1.264184594154357910e+00
1.518507301807403564e-01
6.729738712310791016e-01
2.429709881544113159e-01
5.576636791229248047e-01
8.701110482215881348e-01
2.418604046106338501e-01
2.052461802959442139e-01
8.148577213287353516e-01
3.040250539779663086e-01
2.617290318012237549e-01
8.059682250022888184e-01
8.006550669670104980e-01
1.558103919029235840e+00
2.403968870639801025e-01
4.444826245307922363e-01
6.764969825744628906e-01
5.561740398406982422e-01
9.377838373184204102e-01
2.583685219287872314e-01
3.172928690910339355e-01
9.617789834737777710e-02
4.118158817291259766e-01
5.196852684020996094e-01
9.767139554023742676e-01
1.270331263542175293e+00
8.908409476280212402e-01
3.609235882759094238e-01
2.227134853601455688e-01
1.158769488334655762e+00
1.596518635749816895e+00
4.060109257698059082e-01
2.559186518192291260e-01
1.763237714767456055e-01
2.796547710895538330e-01
3.757103681564331055e-01
1.281944662332534790e-01
1.827967166900634766e+00
3.144520819187164307e-01
7.419282793998718262e-01
2.128551304340362549e-01
8.122245073318481445e-01
4.660000503063201904e-01
4.065093994140625000e-01
4.914348721504211426e-01
4.813950061798095703e-01
1.696879416704177856e-01
4.000270366668701172e-01
3.866580128669738770e-01
1.499237418174743652e-01
4.137030243873596191e-01
6.710550934076309204e-02
8.303200602531433105e-01
2.434403151273727417e-01
3.449394106864929199e-01
