-1.777896732091903687e-01
-1.287054866552352905e-01
3.487876057624816895e-02
-1.451896131038665771e-01
1.864341050386428833e-01
-1.412750333547592163e-01
-4.201475381851196289e-01
-1.334023475646972656e-01
2.182764708995819092e-01
-1.911896169185638428e-01
3.108780831098556519e-02
-2.346159517765045166e-02
-1.724441349506378174e-01
-2.742486074566841125e-02
-2.947773225605487823e-02
-1.031489446759223938e-01
4.718309268355369568e-03
8.279433101415634155e-02
-1.521285027265548706e-01
1.829521171748638153e-02
-2.418264001607894897e-01
-8.314818888902664185e-02
-4.905857145786285400e-02
-6.880265474319458008e-02
-2.559667229652404785e-01
1.380529701709747314e-01
-1.645527221262454987e-02
2.091901153326034546e-01
-2.822972135618329048e-03
-2.647440508008003235e-02
-2.246175706386566162e-02
2.862696908414363861e-02
-1.065315082669258118e-01
-3.698250055313110352e-01
2.861548662185668945e-01
-1.036235168576240540e-01
3.080340921878814697e-01
-8.942970633506774902e-02
2.772148847579956055e-01
1.136144399642944336e-01
-3.156864345073699951e-01
4.226949065923690796e-02
5.667150765657424927e-02
2.369496375322341919e-01
-7.272794842720031738e-02
4.647492989897727966e-02
-5.360766127705574036e-02
1.308538317680358887e-01
2.820554003119468689e-02
-1.370717883110046387e-01
1.463621705770492554e-01
-7.166320085525512695e-02
-3.237464725971221924e-01
-1.582784801721572876e-01
-4.240386188030242920e-02
-1.277910917997360229e-01
-1.702558100223541260e-01
4.128960147500038147e-02
8.911800384521484375e-02
7.703973352909088135e-02
-7.296373695135116577e-02
6.828405708074569702e-02
-3.905967995524406433e-02
4.760341718792915344e-02
