2.496244311332702637e-01
2.197788208723068237e-01
2.756160199642181396e-01
6.072894334793090820e-01
2.654064297676086426e-01
2.942185699939727783e-01
1.136295124888420105e-01
4.424615800380706787e-01
2.868281304836273193e-01
2.973925173282623291e-01
2.505926489830017090e-01
4.103395938873291016e-01
4.854508340358734131e-01
3.382724225521087646e-01
4.669628739356994629e-01
1.772478669881820679e-01
2.170854359865188599e-01
5.025082230567932129e-01
2.263366729021072388e-01
3.666601479053497314e-01
4.867351353168487549e-01
4.586308300495147705e-01
4.652377068996429443e-01
2.199684530496597290e-01
1.510465890169143677e-01
2.761483788490295410e-01
3.813259005546569824e-01
2.803453505039215088e-01
2.381782382726669312e-01
3.953358232975006104e-01
3.032100200653076172e-01
3.163273632526397705e-01
2.024710327386856079e-01
2.322766929864883423e-01
2.002757936716079712e-01
1.661009937524795532e-01
4.689732491970062256e-01
3.476412892341613770e-01
3.413825333118438721e-01
2.273607552051544189e-01
2.485335618257522583e-01
2.355560511350631714e-01
2.726287841796875000e-01
4.656645357608795166e-01
3.429452776908874512e-01
2.464682012796401978e-01
4.674345254898071289e-01
2.811928391456604004e-01
6.240866780281066895e-01
4.151866734027862549e-01
3.402816951274871826e-01
4.217768907546997070e-01
1.151923909783363342e-01
2.984590232372283936e-01
5.802252888679504395e-01
2.795438170433044434e-01
4.705716371536254883e-01
4.517106115818023682e-01
4.302809834480285645e-01
2.748652398586273193e-01
3.426879644393920898e-01
1.136650219559669495e-01
5.068848729133605957e-01
4.370009303092956543e-01
