-6.534469127655029297e-01
9.240238666534423828e-01
-1.340310215950012207e+00
-7.395285964012145996e-01
-5.830006003379821777e-01
-1.671664237976074219e+00
-3.376225829124450684e-01
1.912645995616912842e-01
-4.565016627311706543e-01
-7.877215743064880371e-01
-3.756498992443084717e-01
-2.294587939977645874e-01
-1.700279355049133301e+00
-6.134987473487854004e-01
5.422339439392089844e-01
-1.072174981236457825e-01
-2.315345555543899536e-01
-3.774733245372772217e-01
-1.802572131156921387e+00
-7.209737300872802734e-01
-2.877145633101463318e-02
-1.258513808250427246e+00
-1.814399003982543945e+00
5.043339356780052185e-02
-7.392602413892745972e-02
-1.550639510154724121e+00
-1.509207248687744141e+00
-1.062312722206115723e+00
1.706082969903945923e-01
1.527290195226669312e-01
3.983398973941802979e-01
-2.906514644622802734e+00
-9.069567322731018066e-01
-2.982739508152008057e-01
-1.840399265289306641e+00
-2.395594358444213867e+00
2.241107970476150513e-01
-7.596594840288162231e-02
-9.524902701377868652e-01
-1.463211059570312500e+00
7.656568288803100586e-01
-3.832119405269622803e-01
8.590491414070129395e-01
-1.321067214012145996e+00
-1.259886384010314941e+00
-1.219528168439865112e-01
-2.229719609022140503e-01
5.071019530296325684e-01
1.026228785514831543e+00
-5.968831181526184082e-01
-1.044858805835247040e-02
-1.401284337043762207e+00
-4.266941845417022705e-01
-9.978929162025451660e-01
-1.945834875106811523e+00
1.990950852632522583e-01
-8.841074705123901367e-01
-8.302116394042968750e-01
-3.076276779174804688e-01
-2.075869560241699219e+00
-1.264517307281494141e+00
2.678987085819244385e-01
4.349098503589630127e-01
-1.256771206855773926e+00
