-5.549972131848335266e-02
-2.037188261747360229e-01
7.681739926338195801e-01
-6.592287123203277588e-02
4.745826721191406250e-01
-4.624798148870468140e-02
-8.962967246770858765e-02
4.051465168595314026e-02
-2.446407377719879150e-01
-3.078987002372741699e-01
2.418239265680313110e-01
-1.352224405854940414e-02
-1.388941053301095963e-02
-5.715596675872802734e-01
1.630686819553375244e-01
-1.234317421913146973e-01
-6.068247929215431213e-02
-6.816013157367706299e-02
3.256603702902793884e-02
2.454188093543052673e-02
-1.008395105600357056e-01
6.461820751428604126e-02
2.764014294371008873e-03
-1.011403836309909821e-02
-1.450572535395622253e-02
3.774183988571166992e-02
-8.416638523340225220e-02
1.829878240823745728e-02
-5.055704116821289062e-01
-5.291056260466575623e-02
-5.726598575711250305e-02
-1.211503073573112488e-01
-3.578400015830993652e-01
-2.472040951251983643e-01
-3.403356373310089111e-01
5.701602995395660400e-02
-2.511701583862304688e-01
-2.657735645771026611e-01
-1.210085079073905945e-01
-3.692397102713584900e-02
-9.959860891103744507e-02
2.838186919689178467e-01
1.477564424276351929e-01
-1.104795411229133606e-01
-4.597364962100982666e-01
-1.866620332002639771e-01
-2.857726216316223145e-01
1.237241253256797791e-01
-1.291313320398330688e-01
-2.389189153909683228e-01
2.029263228178024292e-02
1.080893650650978088e-01
-2.309908270835876465e-01
-8.475955575704574585e-02
-3.162633627653121948e-02
2.545508742332458496e-01
5.967427417635917664e-02
-1.728923916816711426e-01
-1.897278800606727600e-02
1.897603422403335571e-01
8.225335180759429932e-02
3.796150162816047668e-02
-4.293626546859741211e-02
1.392129063606262207e-01
