-9.972578287124633789e-02
-4.755167067050933838e-01
-4.736075550317764282e-02
-2.698041796684265137e-01
-8.344090729951858521e-02
-7.201177999377250671e-03
4.742273688316345215e-02
1.021553054451942444e-01
-1.698177121579647064e-02
-1.471475660800933838e-01
2.306578904390335083e-01
1.446637511253356934e-01
-1.775195449590682983e-01
2.726829051971435547e-02
1.558783352375030518e-01
-1.836320459842681885e-01
1.237780079245567322e-01
-1.522054076194763184e-01
5.544687062501907349e-02
-2.881124019622802734e-01
-2.606187462806701660e-01
2.316429018974304199e-01
-3.242404758930206299e-01
-2.186759933829307556e-02
-2.644677758216857910e-01
5.760392546653747559e-02
-2.464668750762939453e-01
4.814806580543518066e-02
-3.529581129550933838e-01
9.499828517436981201e-02
-1.862216442823410034e-01
-1.706966459751129150e-01
-1.605460047721862793e-02
-2.604131996631622314e-01
-3.144872188568115234e-01
-1.082746684551239014e-01
6.594295054674148560e-02
-1.427173167467117310e-01
-5.698876827955245972e-02
-7.581557612866163254e-03
-3.005927205085754395e-01
-7.439341396093368530e-02
-6.826874613761901855e-02
-1.103890761733055115e-01
2.526177652180194855e-02
4.892118275165557861e-02
-2.515366673469543457e-01
1.150377467274665833e-01
-3.783233463764190674e-01
8.458951860666275024e-02
-3.684223070740699768e-02
1.438838988542556763e-01
-4.680404439568519592e-02
-3.087212145328521729e-01
-2.400575578212738037e-02
1.396752893924713135e-01
-9.079375863075256348e-02
-1.794689297676086426e-01
-1.128885224461555481e-01
-7.925168424844741821e-02
-1.490690559148788452e-01
5.944574251770973206e-02
-4.433263540267944336e-01
-1.377509068697690964e-02
