-3.593293428421020508e-01
-4.772335290908813477e-01
2.328781783580780029e-01
-7.139113545417785645e-01
-6.712530255317687988e-01
-5.552054643630981445e-01
-4.556322991847991943e-01
-6.501769423484802246e-01
-2.081697583198547363e-01
-4.011099934577941895e-01
-3.942188322544097900e-01
-2.969792783260345459e-01
-1.626338958740234375e-01
-4.379403889179229736e-01
-3.333814740180969238e-01
-6.163135766983032227e-01
-2.982414066791534424e-01
-5.190418958663940430e-01
1.675600409507751465e-01
-1.831819117069244385e-01
-2.079921662807464600e-01
-5.295861363410949707e-01
-4.245303869247436523e-01
-1.755279451608657837e-01
-8.556144237518310547e-01
-3.067023754119873047e-01
-4.560194611549377441e-01
-1.642201542854309082e-01
-5.058878064155578613e-01
-4.529416263103485107e-01
-4.531943500041961670e-01
-7.253706455230712891e-01
6.036568880081176758e-01
-2.508945763111114502e-01
-1.990688219666481018e-02
-4.672334492206573486e-01
-5.901042819023132324e-01
-4.195418357849121094e-01
-3.272368311882019043e-01
5.657798647880554199e-01
-3.438223898410797119e-01
-5.992161631584167480e-01
-2.683281898498535156e-01
-4.590653777122497559e-01
-3.460202813148498535e-01
-1.668858677148818970e-01
-3.271444439888000488e-01
3.508732467889785767e-02
-4.174753725528717041e-01
-3.983922004699707031e-01
-4.118484556674957275e-01
-3.618822991847991943e-01
-1.312674283981323242e-01
-2.758143544197082520e-01
-7.196220159530639648e-01
-5.401265025138854980e-01
-1.173856854438781738e+00
-4.965106397867202759e-02
-1.358092874288558960e-01
-6.138516068458557129e-01
-5.143087506294250488e-01
-3.017269968986511230e-01
-4.647030308842658997e-02
-3.977199792861938477e-01
-2.514279261231422424e-02
3.821123242378234863e-01
-5.079005956649780273e-01
-2.794532775878906250e-01
-1.903723478317260742e-01
3.993427753448486328e-01
-4.417831599712371826e-01
-1.813213974237442017e-01
-6.122213602066040039e-01
-3.132411241531372070e-01
-6.563491374254226685e-02
-4.457643628120422363e-01
8.938199281692504883e-02
-3.759393692016601562e-01
4.396339133381843567e-02
-3.972129523754119873e-01
-2.860445976257324219e-01
8.771736174821853638e-02
-8.247097581624984741e-02
-7.620220780372619629e-01
-2.602558769285678864e-02
-3.860701024532318115e-01
-1.127983108162879944e-01
-4.128839671611785889e-01
-2.882910370826721191e-01
1.105405449867248535e+00
-3.891903758049011230e-01
-3.933699056506156921e-02
-1.393701881170272827e-01
-1.678321957588195801e-01
1.825159341096878052e-01
-4.378612935543060303e-01
-2.521684765815734863e-01
-1.118577346205711365e-01
-5.098244547843933105e-01
-3.277388960123062134e-02
-2.873904109001159668e-01
-3.808945715427398682e-01
-1.929368227720260620e-01
-3.354955017566680908e-01
-3.863431811332702637e-01
-1.616917252540588379e-01
-2.289136946201324463e-01
1.664735078811645508e-01
-6.874250173568725586e-01
-1.704715639352798462e-01
-5.216327905654907227e-01
-3.314929604530334473e-01
-6.678201556205749512e-01
5.341731309890747070e-01
1.433196514844894409e-01
-5.557693243026733398e-01
-4.276528954505920410e-01
-3.239824175834655762e-01
-2.142430096864700317e-01
2.160628698766231537e-02
-4.378986358642578125e-01
-8.486458659172058105e-01
-7.675167322158813477e-01
-4.511663019657135010e-01
2.787639200687408447e-01
-9.694272279739379883e-01
-1.169143199920654297e+00
1.982974633574485779e-02
