3.322794735431671143e-01
2.907889783382415771e-01
3.246037960052490234e-01
3.434991836547851562e-01
3.011329770088195801e-01
3.053665161132812500e-01
3.041325807571411133e-01
3.539119958877563477e-01
2.861916124820709229e-01
3.600891828536987305e-01
2.970295250415802002e-01
3.381309509277343750e-01
2.565266788005828857e-01
3.275974392890930176e-01
3.030412793159484863e-01
4.084854722023010254e-01
3.519297540187835693e-01
4.218100309371948242e-01
3.054890334606170654e-01
2.551087439060211182e-01
3.425490856170654297e-01
3.215310275554656982e-01
3.365986049175262451e-01
2.700189650058746338e-01
2.849247753620147705e-01
3.953628838062286377e-01
3.165801763534545898e-01
3.286184072494506836e-01
3.515121638774871826e-01
3.952843546867370605e-01
2.767682075500488281e-01
3.624859452247619629e-01
1.987855732440948486e-01
2.716874778270721436e-01
3.355245888233184814e-01
2.797138988971710205e-01
2.509604394435882568e-01
3.831554353237152100e-01
3.266159296035766602e-01
3.262923061847686768e-01
3.680945336818695068e-01
3.400690257549285889e-01
3.650788962841033936e-01
3.391021788120269775e-01
3.071085214614868164e-01
3.231483399868011475e-01
3.691458702087402344e-01
2.410415112972259521e-01
3.536265492439270020e-01
3.188585340976715088e-01
3.238150179386138916e-01
3.610543608665466309e-01
3.085933327674865723e-01
3.308857083320617676e-01
3.886173665523529053e-01
4.361924529075622559e-01
4.549951851367950439e-01
2.962146103382110596e-01
3.070954680442810059e-01
3.385501205921173096e-01
3.316894471645355225e-01
3.228250741958618164e-01
2.393343597650527954e-01
3.147325515747070312e-01
2.738219499588012695e-01
3.218082487583160400e-01
3.198231160640716553e-01
3.411492109298706055e-01
3.610584139823913574e-01
2.832853794097900391e-01
3.035149872303009033e-01
3.182903230190277100e-01
3.146260082721710205e-01
3.890272676944732666e-01
2.606840431690216064e-01
3.479120433330535889e-01
3.235756754875183105e-01
3.708967566490173340e-01
2.591735720634460449e-01
3.741531372070312500e-01
2.555279433727264404e-01
2.965782880783081055e-01
3.505190312862396240e-01
3.165163099765777588e-01
2.807676494121551514e-01
2.660334110260009766e-01
2.817447483539581299e-01
4.795318543910980225e-01
3.372209370136260986e-01
2.723127901554107666e-01
2.955200374126434326e-01
3.224534988403320312e-01
2.470341175794601440e-01
3.160455822944641113e-01
3.514530956745147705e-01
3.131382167339324951e-01
3.372055590152740479e-01
2.837301492691040039e-01
3.540322482585906982e-01
2.896887063980102539e-01
2.490134984254837036e-01
3.019089400768280029e-01
3.114310801029205322e-01
3.510024249553680420e-01
3.022106289863586426e-01
3.617445230484008789e-01
2.858979701995849609e-01
2.831144034862518311e-01
3.243453502655029297e-01
2.768696248531341553e-01
3.314251303672790527e-01
2.394312024116516113e-01
2.932487428188323975e-01
2.788186073303222656e-01
2.686193883419036865e-01
3.194012343883514404e-01
3.541744947433471680e-01
2.682551443576812744e-01
2.954702973365783691e-01
2.924320697784423828e-01
3.538129627704620361e-01
4.256139695644378662e-01
3.602980375289916992e-01
3.012606799602508545e-01
2.763158679008483887e-01
4.354172050952911377e-01
3.990577161312103271e-01
2.693745493888854980e-01
