1.502003818750381470e-01
3.009163737297058105e-01
-1.475367397069931030e-01
-1.209865808486938477e-01
-5.701314806938171387e-01
-7.524842619895935059e-01
2.319257520139217377e-02
-1.191489920020103455e-01
-5.202871561050415039e-01
-3.441503643989562988e-02
1.526786983013153076e-01
-8.009443283081054688e-01
-2.133244276046752930e-01
-1.956011503934860229e-01
-4.503027796745300293e-01
-2.632427513599395752e-01
8.385679870843887329e-02
-1.361399769783020020e+00
3.519813120365142822e-01
4.353765770792961121e-02
-5.124359726905822754e-01
-4.488860666751861572e-01
3.674353361129760742e-01
-7.865051627159118652e-01
-6.069411057978868484e-03
-5.502202510833740234e-01
-2.628866732120513916e-01
-6.967109441757202148e-02
-3.891998529434204102e-01
8.596116304397583008e-01
-2.608361840248107910e-02
1.939502544701099396e-02
-1.482227563858032227e+00
2.077194452285766602e-01
7.405132800340652466e-02
-5.370470881462097168e-01
6.348417997360229492e-01
6.638419348746538162e-03
-6.156271100044250488e-01
-6.373226046562194824e-01
-2.648936808109283447e-01
3.020845949649810791e-01
-6.140475869178771973e-01
-8.625238537788391113e-01
-1.168787002563476562e+00
-2.691164016723632812e-01
-7.568788528442382812e-01
-7.103710770606994629e-01
-5.601044893264770508e-01
-3.803090751171112061e-01
-6.423726677894592285e-01
-5.653097033500671387e-01
-3.942898809909820557e-01
-8.531605005264282227e-01
-8.816541433334350586e-01
-5.444334149360656738e-01
-2.364468127489089966e-01
-2.571783065795898438e-01
-1.305557508021593094e-02
-1.125632882118225098e+00
2.372032552957534790e-01
-2.264540642499923706e-01
-1.682154089212417603e-01
-7.450381517410278320e-01
-8.639549016952514648e-01
2.117959856986999512e-01
1.917991787195205688e-01
5.058480501174926758e-01
7.548353075981140137e-02
-6.974819898605346680e-01
-7.518430948257446289e-01
5.799448490142822266e-01
-2.933358252048492432e-01
-7.108096498996019363e-03
-6.255835294723510742e-01
-2.616049945354461670e-01
-6.732781529426574707e-01
-1.137500166893005371e+00
1.192501410841941833e-01
-4.987320899963378906e-01
-6.460611820220947266e-01
-5.761804431676864624e-02
3.611835464835166931e-02
2.640431281179189682e-03
-1.188414573669433594e+00
2.901317179203033447e-01
-7.978495359420776367e-01
-2.888177633285522461e-01
7.105572819709777832e-01
-6.718359589576721191e-01
-3.913507461547851562e-01
3.720450997352600098e-01
-4.926596283912658691e-01
-5.238252878189086914e-01
-1.623247936367988586e-02
-5.074451565742492676e-01
-3.267290294170379639e-01
-1.231871247291564941e+00
-1.927394866943359375e-01
-1.272611469030380249e-01
3.230211734771728516e-01
-1.555580366402864456e-02
-1.317412257194519043e-01
-6.098884344100952148e-01
-1.787859201431274414e-02
-3.002864420413970947e-01
-1.247292086482048035e-01
1.451738178730010986e-01
-4.936964511871337891e-01
-4.852375686168670654e-01
-3.356671035289764404e-01
-3.261138498783111572e-01
-3.775787353515625000e-01
-3.690979480743408203e-01
-6.458154320716857910e-01
-3.322523236274719238e-01
-4.239948093891143799e-02
-2.551157176494598389e-01
-6.557008028030395508e-01
-2.916604578495025635e-01
5.344873070716857910e-01
-4.285876452922821045e-01
1.585189253091812134e-01
-3.546732962131500244e-01
-1.262258738279342651e-01
-1.052124857902526855e+00
-2.490467578172683716e-01
-2.916539013385772705e-01
