4.808130860328674316e-02
5.706297978758811951e-02
6.189938634634017944e-02
3.185463324189186096e-02
8.957612514495849609e-02
5.376226827502250671e-02
6.058254465460777283e-02
1.025861650705337524e-01
4.450388252735137939e-02
1.044753864407539368e-01
4.765981808304786682e-02
7.511170953512191772e-02
3.122198767960071564e-02
5.000931024551391602e-02
4.528350010514259338e-02
5.105132237076759338e-02
8.457867056131362915e-02
7.921540737152099609e-02
1.994706243276596069e-01
5.902475863695144653e-02
5.552105978131294250e-02
8.771202713251113892e-02
5.451397225260734558e-02
8.245017379522323608e-02
5.107013881206512451e-02
1.045896559953689575e-01
6.017247587442398071e-02
4.665046185255050659e-02
5.754817649722099304e-02
6.672595441341400146e-02
9.731108695268630981e-02
9.299149364233016968e-02
6.006268411874771118e-02
7.021397352218627930e-02
6.929430365562438965e-02
3.468338400125503540e-02
1.059121340513229370e-01
4.041637480258941650e-02
4.494778439402580261e-02
2.403901815414428711e-01
1.995562911033630371e-01
1.849952787160873413e-01
3.368207067251205444e-02
4.914443194866180420e-02
3.269838541746139526e-02
9.760437160730361938e-02
3.978053107857704163e-02
9.989681094884872437e-02
8.785589784383773804e-02
7.527716457843780518e-02
3.678622841835021973e-02
6.386987119913101196e-02
1.158701926469802856e-01
4.871652647852897644e-02
1.282046139240264893e-01
6.142189726233482361e-02
5.413604900240898132e-02
3.332537785172462463e-02
9.083822369575500488e-02
7.260245084762573242e-02
4.898187145590782166e-02
7.510738074779510498e-02
6.459775567054748535e-02
6.936760991811752319e-02
1.446853876113891602e-01
1.110537946224212646e-01
1.868358999490737915e-01
6.483557075262069702e-02
6.388978660106658936e-02
5.375226959586143494e-02
6.366264075040817261e-02
5.887210741639137268e-02
6.429215520620346069e-02
1.066257357597351074e-01
1.362967491149902344e-01
8.454294502735137939e-02
6.703223288059234619e-02
1.006918996572494507e-01
3.606330603361129761e-02
7.407224178314208984e-02
4.371667653322219849e-02
7.761727273464202881e-02
7.211410254240036011e-02
6.845912337303161621e-02
6.115246191620826721e-02
6.078446656465530396e-02
6.884095072746276855e-02
1.066735610365867615e-01
6.096033006906509399e-02
7.972895354032516479e-02
3.854750841856002808e-02
5.747605115175247192e-02
5.116908252239227295e-02
6.716258078813552856e-02
2.288495749235153198e-02
8.975909650325775146e-02
7.291771471500396729e-02
4.483853280544281006e-02
3.792386129498481750e-02
2.439553141593933105e-01
7.686816155910491943e-02
8.784110844135284424e-02
5.220549926161766052e-02
5.406041815876960754e-02
2.253677137196063995e-02
7.413502782583236694e-02
1.302968114614486694e-01
5.761308223009109497e-02
8.356251567602157593e-02
4.987923800945281982e-02
5.243834480643272400e-02
1.635695397853851318e-01
8.708571642637252808e-02
5.770219862461090088e-02
4.975346848368644714e-02
1.113244220614433289e-01
6.785074621438980103e-02
6.825984269380569458e-02
4.653684794902801514e-02
5.045671388506889343e-02
1.792439967393875122e-01
8.419483900070190430e-02
4.139821603894233704e-02
9.714608639478683472e-02
4.699423909187316895e-02
5.752674862742424011e-02
4.903168603777885437e-02
4.547681659460067749e-02
