-5.891858413815498352e-02
-1.685617417097091675e-01
-2.055871300399303436e-02
2.723776269704103470e-03
-9.551601856946945190e-02
-1.048458740115165710e-01
3.486172854900360107e-02
-8.846507966518402100e-02
-2.052937448024749756e-01
-1.764426231384277344e-01
-1.223664730787277222e-01
-3.638128191232681274e-02
-7.853983342647552490e-02
2.088183462619781494e-01
-4.030242562294006348e-02
-1.820073574781417847e-01
-1.076123118400573730e-01
2.989053130149841309e-01
-5.696733295917510986e-02
2.064437717199325562e-01
-9.213671833276748657e-02
-1.375632882118225098e-01
-1.303742974996566772e-01
-1.192922294139862061e-01
-1.005693748593330383e-01
-3.803829476237297058e-02
-1.108111888170242310e-01
-4.766044393181800842e-02
-1.086953133344650269e-01
1.581325381994247437e-01
-1.123050302267074585e-01
-1.584446132183074951e-01
9.757874161005020142e-02
-4.300018027424812317e-02
-1.349214315414428711e-01
-1.189165115356445312e-01
-9.857913851737976074e-02
-4.789529368281364441e-02
-8.368784189224243164e-02
-7.203656435012817383e-02
-8.359702676534652710e-02
-2.442343980073928833e-01
-3.375632464885711670e-01
-2.123841941356658936e-01
-6.925668567419052124e-02
-6.509303301572799683e-02
4.978703856468200684e-01
-8.114607632160186768e-02
-1.021157354116439819e-01
-7.876469939947128296e-02
-1.802225261926651001e-01
-1.011334434151649475e-01
-1.090317964553833008e-01
-6.171615421772003174e-02
-8.559896796941757202e-02
-4.951962456107139587e-02
-3.697562962770462036e-02
2.258415101096034050e-03
-5.078372731804847717e-02
-2.429874837398529053e-01
9.177965694107115269e-04
-1.525325924158096313e-01
-9.634168446063995361e-02
-5.161008983850479126e-02
-4.729939624667167664e-02
8.836561441421508789e-02
-1.027539372444152832e-01
-9.070019423961639404e-02
-1.086341962218284607e-01
-3.785266354680061340e-02
-1.030241772532463074e-01
-1.609069406986236572e-01
-9.026937931776046753e-02
-8.975657075643539429e-02
-1.282273083925247192e-01
-8.301070332527160645e-02
-1.863404177129268646e-02
-2.317962981760501862e-02
-4.535380285233259201e-03
-2.131157964468002319e-01
-1.430894732475280762e-01
-1.390697211027145386e-01
-1.303413361310958862e-01
-5.679167807102203369e-02
-1.861881762742996216e-01
-1.209103763103485107e-01
-3.396670520305633545e-02
-1.181498914957046509e-01
2.298184037208557129e-01
-2.084743380546569824e-01
-1.335403919219970703e-01
1.418243348598480225e-01
-8.908552676439285278e-02
-1.272671669721603394e-01
1.072084438055753708e-02
-1.029229164123535156e-01
-1.025433689355850220e-01
1.562401652336120605e-01
-9.367270767688751221e-02
-6.572596728801727295e-02
-1.245053485035896301e-01
-4.513899236917495728e-02
-7.073586434125900269e-02
-4.472938925027847290e-02
7.147739082574844360e-02
-4.838924854993820190e-02
-3.116316348314285278e-02
-4.370365291833877563e-02
-9.270794689655303955e-02
-1.464663892984390259e-01
-1.151278838515281677e-01
-1.833060011267662048e-02
-1.926813870668411255e-01
2.490572482347488403e-01
2.996516786515712738e-02
-1.309887021780014038e-01
-4.682341963052749634e-02
-8.513855934143066406e-02
-4.210852831602096558e-02
-4.129437357187271118e-02
-4.570313543081283569e-02
-1.433002352714538574e-01
-9.811160713434219360e-02
-1.045665889978408813e-01
-1.315206587314605713e-01
-1.248585805296897888e-01
-9.819214791059494019e-02
-9.606572240591049194e-02
