-3.028162010014057159e-02
3.265373408794403076e-02
2.403139881789684296e-02
-7.625424116849899292e-02
-1.589038521051406860e-01
-8.036395907402038574e-02
-1.797213852405548096e-01
-7.008726149797439575e-02
-1.572959423065185547e-01
1.134318709373474121e-01
-8.052382618188858032e-02
-2.336796559393405914e-02
-7.557589560747146606e-02
-1.832636296749114990e-01
3.838120773434638977e-02
7.914900034666061401e-02
-5.936649441719055176e-02
-2.170770801603794098e-02
2.877695299685001373e-02
-1.022874042391777039e-01
-6.979083269834518433e-02
-4.840299487113952637e-02
1.233861520886421204e-01
-1.241583824157714844e-01
5.838278681039810181e-02
-1.045190319418907166e-01
-8.195951581001281738e-03
-5.356814712285995483e-02
1.272930391132831573e-02
2.688825689256191254e-02
-1.784754097461700439e-01
-5.141312256455421448e-02
-5.030817538499832153e-02
1.732112094759941101e-02
1.623041182756423950e-02
-2.532433867454528809e-01
-2.817442417144775391e-01
-2.388001531362533569e-01
-6.406174600124359131e-02
1.364609319716691971e-02
1.396683901548385620e-01
-2.827148735523223877e-01
7.668401300907135010e-02
-3.281797468662261963e-02
-7.988600060343742371e-03
-5.788265727460384369e-03
-1.321861147880554199e-01
-2.660289034247398376e-02
-3.994908928871154785e-01
-8.245100826025009155e-02
-1.060882657766342163e-01
-5.557660013437271118e-02
-5.573680996894836426e-02
5.524678155779838562e-02
-1.259417384862899780e-01
-7.704721763730049133e-03
-1.017057672142982483e-01
-5.320581421256065369e-02
-1.570377498865127563e-01
6.752239167690277100e-02
-5.578783750534057617e-01
5.228744819760322571e-02
-1.108567416667938232e-01
9.558807127177715302e-03
1.025348156690597534e-02
-9.684670716524124146e-02
-9.988592006266117096e-03
-2.631484866142272949e-01
-1.013449728488922119e-01
-1.561486348509788513e-02
-5.435061827301979065e-02
-1.435586810111999512e-01
-7.473967969417572021e-02
-6.086933985352516174e-02
-7.101844251155853271e-02
-1.171342954039573669e-01
2.051039785146713257e-02
3.723294287919998169e-02
-1.616076380014419556e-02
-2.451986074447631836e-02
1.684096306562423706e-01
-2.868051230907440186e-01
5.582823231816291809e-02
4.019627720117568970e-02
-1.360058933496475220e-01
-5.226890370249748230e-02
-5.471994355320930481e-02
-1.108282506465911865e-01
-2.489524036645889282e-01
-2.524617500603199005e-02
7.834429293870925903e-02
-1.926986128091812134e-01
-1.426517367362976074e-01
-1.121693700551986694e-01
-5.988846346735954285e-02
-8.843980729579925537e-02
-1.909590698778629303e-02
1.496087061241269112e-03
-5.521838665008544922e-01
4.240413662046194077e-03
3.046124242246150970e-02
2.422290481626987457e-02
-1.246017590165138245e-01
-1.542931944131851196e-01
4.526974633336067200e-03
-1.808319687843322754e-01
-2.223973274230957031e-01
9.090618789196014404e-02
3.293769806623458862e-02
5.456438660621643066e-01
-2.299818396568298340e-02
6.275496631860733032e-02
4.635552316904067993e-02
-8.735131472349166870e-02
-2.999299392104148865e-02
1.108240261673927307e-01
-4.915171861648559570e-02
-3.305823355913162231e-02
-2.470851242542266846e-01
-3.522493317723274231e-02
5.158695951104164124e-02
7.094020396471023560e-02
-2.408915311098098755e-01
-6.501761823892593384e-02
-1.683741211891174316e-01
-5.647746846079826355e-02
-1.305601596832275391e-01
-6.267326325178146362e-02
