2.659836411476135254e-01
1.422262936830520630e-01
2.404063045978546143e-01
4.297145009040832520e-01
1.305973529815673828e-01
3.335675001144409180e-01
1.939077377319335938e-01
1.599624007940292358e-01
2.166217416524887085e-01
4.069873690605163574e-01
1.029280126094818115e-01
3.441706895828247070e-01
2.021394222974777222e-01
1.589854806661605835e-01
2.225955873727798462e-01
1.841929107904434204e-01
2.731203138828277588e-01
2.262131720781326294e-01
2.177970558404922485e-01
1.535999029874801636e-01
1.721517741680145264e-01
2.034820765256881714e-01
3.391008675098419189e-01
1.571921557188034058e-01
2.276129871606826782e-01
2.739615440368652344e-01
1.542845815420150757e-01
1.306582689285278320e-01
1.649278253316879272e-01
2.570952773094177246e-01
1.430618911981582642e-01
2.349416762590408325e-01
1.764505058526992798e-01
1.171353161334991455e-01
3.401182591915130615e-01
1.656629145145416260e-01
1.306610256433486938e-01
3.168548345565795898e-01
1.973332911729812622e-01
1.503573954105377197e-01
3.181037604808807373e-01
2.528805136680603027e-01
2.980306148529052734e-01
2.461022734642028809e-01
2.857303023338317871e-01
2.813525497913360596e-01
1.888919174671173096e-01
1.125077977776527405e-01
2.079230546951293945e-01
2.130701392889022827e-01
2.157770395278930664e-01
3.372311890125274658e-01
2.791367769241333008e-01
2.852211296558380127e-01
5.101974606513977051e-01
1.808431893587112427e-01
2.539947330951690674e-01
3.875835835933685303e-01
2.048315107822418213e-01
1.716471314430236816e-01
2.774704396724700928e-01
2.384967654943466187e-01
1.991545408964157104e-01
3.325003683567047119e-01
1.831906884908676147e-01
1.246442571282386780e-01
1.852074265480041504e-01
2.083082497119903564e-01
3.178508281707763672e-01
3.076539933681488037e-01
1.842135488986968994e-01
1.844761371612548828e-01
1.683988273143768311e-01
2.447277903556823730e-01
2.990130782127380371e-01
2.412089258432388306e-01
3.370162248611450195e-01
1.974369436502456665e-01
1.679098606109619141e-01
2.459048032760620117e-01
1.669889241456985474e-01
1.763722747564315796e-01
2.258306741714477539e-01
3.743147552013397217e-01
1.463975012302398682e-01
1.706085503101348877e-01
2.925207614898681641e-01
2.594314515590667725e-01
2.123116105794906616e-01
2.191048711538314819e-01
2.280571758747100830e-01
1.808658242225646973e-01
1.277984976768493652e-01
2.575161457061767578e-01
3.386582732200622559e-01
1.755104660987854004e-01
3.082951009273529053e-01
1.399149447679519653e-01
2.197277694940567017e-01
1.594001352787017822e-01
1.310782730579376221e-01
2.249779552221298218e-01
3.421726822853088379e-01
2.390996664762496948e-01
1.239584907889366150e-01
2.068098336458206177e-01
2.783981263637542725e-01
1.799670457839965820e-01
3.133017122745513916e-01
1.167295798659324646e-01
3.065591156482696533e-01
1.008343845605850220e-01
1.728825420141220093e-01
3.044781088829040527e-01
2.187475413084030151e-01
2.862046658992767334e-01
2.360728383064270020e-01
1.560400724411010742e-01
1.270937472581863403e-01
2.466695904731750488e-01
2.201052010059356689e-01
1.423321515321731567e-01
1.530684232711791992e-01
2.994541227817535400e-01
2.069438993930816650e-01
2.126488387584686279e-01
1.369257271289825439e-01
1.565734893083572388e-01
