1.822826080024242401e-02
2.122502587735652924e-02
2.861175686120986938e-02
2.088603004813194275e-02
2.947391383349895477e-02
4.774436727166175842e-02
3.528968617320060730e-02
2.842946723103523254e-02
2.847005613148212433e-02
4.506945237517356873e-02
2.984006330370903015e-02
1.949051953852176666e-02
1.708835922181606293e-02
2.984035201370716095e-02
2.853942103683948517e-02
2.851803787052631378e-02
2.013920620083808899e-02
2.277369424700737000e-02
3.213495388627052307e-02
3.334760293364524841e-02
1.775920949876308441e-02
4.741955175995826721e-02
3.014869615435600281e-02
4.164548963308334351e-02
3.781166672706604004e-02
4.625154659152030945e-02
2.958897873759269714e-02
1.650412939488887787e-02
2.692360244691371918e-02
3.083426505327224731e-02
3.626267611980438232e-02
4.593710973858833313e-02
3.161954879760742188e-02
2.653771266341209412e-02
2.290438301861286163e-02
5.823735892772674561e-02
5.646343901753425598e-02
4.045594483613967896e-02
2.661614492535591125e-02
3.234842792153358459e-02
3.392672166228294373e-02
8.436759561300277710e-02
2.493273466825485229e-02
1.734828948974609375e-02
2.236567810177803040e-02
2.103181369602680206e-02
1.927210576832294464e-02
1.510158181190490723e-02
5.614522472023963928e-02
3.999850898981094360e-02
1.825679838657379150e-02
4.050857946276664734e-02
3.203106671571731567e-02
2.209829166531562805e-02
3.382381424307823181e-02
2.270372025668621063e-02
2.531929872930049896e-02
1.846538670361042023e-02
6.817816197872161865e-02
2.688456326723098755e-02
7.272572815418243408e-02
2.180494181811809540e-02
4.906274378299713135e-02
2.666272222995758057e-02
2.301465347409248352e-02
1.344030164182186127e-02
4.781728610396385193e-02
5.834563449025154114e-02
3.315019980072975159e-02
4.747230932116508484e-02
1.862873695790767670e-02
3.355885669589042664e-02
4.525323212146759033e-02
3.156372904777526855e-02
3.632428124547004700e-02
3.458871692419052124e-02
4.758371040225028992e-02
3.235548362135887146e-02
1.739148609340190887e-02
3.512144088745117188e-02
1.852863468229770660e-02
5.317663401365280151e-02
1.367117557674646378e-02
3.046938404440879822e-02
3.782854974269866943e-02
1.699560880661010742e-02
4.162381216883659363e-02
3.160011395812034607e-02
3.290338069200515747e-02
1.692200265824794769e-02
3.205639123916625977e-02
4.357593506574630737e-02
3.514219820499420166e-02
2.476086840033531189e-02
1.691886410117149353e-02
3.855345398187637329e-02
3.635621070861816406e-02
1.781427487730979919e-02
6.248974427580833435e-02
4.062184318900108337e-02
2.585204876959323883e-02
2.296331897377967834e-02
2.726469561457633972e-02
2.964982762932777405e-02
2.072356455028057098e-02
4.478778690099716187e-02
5.780824646353721619e-02
2.007261104881763458e-02
3.970579802989959717e-02
5.822382122278213501e-02
4.378077387809753418e-02
3.600754588842391968e-02
2.601838670670986176e-02
3.521400690078735352e-02
1.979178749024868011e-02
3.227348253130912781e-02
4.933871701359748840e-02
1.694361306726932526e-02
6.259281188249588013e-02
2.989606559276580811e-02
2.551079727709293365e-02
1.567694917321205139e-02
3.668647632002830505e-02
1.546679344028234482e-02
3.193563222885131836e-02
2.840192615985870361e-02
2.876685187220573425e-02
4.493925720453262329e-02
