-4.532158374786376953e-01
-1.524217575788497925e-01
-3.771197199821472168e-01
-7.129164040088653564e-02
-2.877844274044036865e-01
-1.534112542867660522e-01
-5.442828536033630371e-01
-1.878201812505722046e-01
-2.956247627735137939e-01
-3.651206940412521362e-02
-3.363212943077087402e-02
-1.475032866001129150e-01
6.782297510653734207e-03
-1.377259194850921631e-01
-1.417078673839569092e-01
-3.703278601169586182e-01
-4.644305706024169922e-01
-1.248228251934051514e-01
4.767320156097412109e-01
3.850174322724342346e-02
-3.257142007350921631e-01
-1.538509428501129150e-01
-3.181254863739013672e-01
-1.037269979715347290e-01
6.392248719930648804e-02
-2.066485434770584106e-01
-1.607712358236312866e-01
5.567995831370353699e-02
1.252030432224273682e-01
-3.811566531658172607e-01
-2.301184386014938354e-01
-1.255649477243423462e-01
-2.842208147048950195e-01
-9.492711722850799561e-02
-3.628619611263275146e-01
-1.013472527265548706e-01
3.172833025455474854e-01
-1.263870149850845337e-01
-1.660253554582595825e-01
-1.443788260221481323e-01
-9.474828243255615234e-01
-1.099161505699157715e+00
-1.252752635627985001e-02
-6.899261474609375000e-02
1.497444212436676025e-01
-3.284422159194946289e-01
8.862899988889694214e-02
-3.465985655784606934e-01
-2.630272507667541504e-01
-1.582988351583480835e-01
-3.092014193534851074e-01
-3.676587343215942383e-02
-1.693392731249332428e-02
-3.435334563255310059e-01
-3.742211461067199707e-01
-2.488400340080261230e-01
-1.078367009758949280e-01
-3.069445192813873291e-01
-1.010436713695526123e-01
1.655297428369522095e-01
-4.200607836246490479e-01
-2.702365219593048096e-01
-1.342412829399108887e-01
-4.949403181672096252e-02
-4.642824232578277588e-01
-2.270777970552444458e-01
-4.530046880245208740e-01
-3.646412491798400879e-02
-4.530555009841918945e-01
-4.845722764730453491e-02
4.030849412083625793e-02
-7.983475178480148315e-02
-8.852485567331314087e-02
-1.398727893829345703e-01
-5.255386829376220703e-01
2.544458955526351929e-02
-1.210412159562110901e-01
-2.684748470783233643e-01
-1.447092294692993164e-01
-1.114334538578987122e-01
-5.781613588333129883e-01
-3.445281386375427246e-01
-9.802488610148429871e-03
-8.502830862998962402e-01
-3.804837912321090698e-02
-2.449560463428497314e-01
-7.045776396989822388e-02
-1.167318001389503479e-01
-1.946299821138381958e-01
-3.768943548202514648e-01
-5.091017484664916992e-01
2.355451285839080811e-01
-1.791029870510101318e-01
-2.464692592620849609e-01
-2.034752815961837769e-01
-3.559570610523223877e-01
1.004534400999546051e-02
-2.060668766498565674e-01
-4.071279242634773254e-02
-6.230795979499816895e-01
-4.306319355964660645e-02
-2.874389290809631348e-01
-3.627287745475769043e-01
-1.485541313886642456e-01
-2.710254117846488953e-02
-3.714204132556915283e-01
1.313293874263763428e-01
-1.826831102371215820e-01
-2.293692380189895630e-01
-6.604950129985809326e-02
-4.314234852790832520e-02
-9.596908092498779297e-01
8.491755276918411255e-02
-8.554796129465103149e-02
-3.285709321498870850e-01
-9.558733701705932617e-01
-1.640155017375946045e-01
-7.448983937501907349e-02
1.039872318506240845e-01
-3.807712793350219727e-01
-4.664407074451446533e-01
8.228813856840133667e-02
-2.147993594408035278e-01
-3.366904258728027344e-01
-7.753033190965652466e-02
-1.677006334066390991e-01
-6.684716790914535522e-02
-1.015985384583473206e-01
