-1.403277814388275146e-01
-8.894531428813934326e-02
-4.146908521652221680e-01
-2.264048904180526733e-01
-7.373473793268203735e-02
-3.534496426582336426e-01
-3.379069268703460693e-01
-7.521196454763412476e-02
-1.791229397058486938e-01
4.482558742165565491e-02
-2.841928601264953613e-01
-1.764550954103469849e-01
-1.590667963027954102e-01
-6.754463911056518555e-02
-1.542703211307525635e-01
-1.060999557375907898e-01
-2.334388494491577148e-01
-9.812825173139572144e-02
-9.077430516481399536e-02
-5.666510388255119324e-02
-1.908284723758697510e-01
-2.054731547832489014e-01
-2.704182267189025879e-01
-1.882638186216354370e-01
-3.569571375846862793e-01
-1.125235334038734436e-01
-1.631610095500946045e-01
-2.107740193605422974e-02
-1.687453985214233398e-01
-2.124327719211578369e-01
-1.713196188211441040e-01
-8.719255775213241577e-02
-2.193585932254791260e-01
-1.887594163417816162e-01
-2.954147160053253174e-01
-4.570193886756896973e-01
-2.260104380548000336e-02
-5.266347900032997131e-02
4.055440053343772888e-02
-6.093443930149078369e-02
-4.557750001549720764e-02
-1.176371201872825623e-01
-1.448100898414850235e-02
3.181774169206619263e-02
-2.045810073614120483e-01
-9.533596783876419067e-02
-4.964645951986312866e-02
-1.051165461540222168e-01
-7.930891215801239014e-02
-1.932742744684219360e-01
-1.467440426349639893e-01
-3.214751183986663818e-01
-3.256985843181610107e-01
-2.287006229162216187e-01
-3.557970374822616577e-02
-1.868849694728851318e-01
-1.931749284267425537e-01
-7.706795632839202881e-02
2.767658829689025879e-01
-6.563185155391693115e-02
-8.950278162956237793e-02
-2.548081576824188232e-01
-2.365325093269348145e-01
2.141068456694483757e-03
-9.865154325962066650e-02
-3.177848160266876221e-01
1.612714678049087524e-01
5.583023885264992714e-04
-2.347105443477630615e-01
-4.149528741836547852e-01
-1.310370564460754395e-01
-3.141761720180511475e-01
-2.581990063190460205e-01
-5.399538278579711914e-01
7.723791152238845825e-02
-2.545713782310485840e-01
-4.454356133937835693e-01
-2.617936022579669952e-02
-9.366711974143981934e-02
-2.201145589351654053e-01
-2.043582946062088013e-01
-1.554352510720491409e-02
-8.931884169578552246e-02
-2.166548967361450195e-01
1.111582666635513306e-01
-6.188283860683441162e-02
-1.216991245746612549e-01
-1.593100130558013916e-01
-1.317058503627777100e-01
-1.716911941766738892e-01
-3.729228079319000244e-01
-3.353517651557922363e-01
-3.414182960987091064e-01
3.578251227736473083e-02
-2.067189216613769531e-01
-1.087351888418197632e-01
1.414788514375686646e-02
-3.381810337305068970e-02
-2.128844708204269409e-01
-1.122119054198265076e-01
-1.626647263765335083e-01
-1.999551802873611450e-01
9.077405929565429688e-02
-4.112984985113143921e-03
-1.313483566045761108e-01
-2.941891849040985107e-01
1.602821797132492065e-02
-1.064721271395683289e-01
-1.288828998804092407e-01
-1.699389666318893433e-01
-1.721277832984924316e-01
-1.808892637491226196e-01
-2.294670194387435913e-01
-3.611077368259429932e-01
-1.746026873588562012e-01
-3.539519011974334717e-01
-1.554324030876159668e-01
-2.708549797534942627e-01
-2.607114017009735107e-01
8.432867936789989471e-03
-3.106270730495452881e-02
-2.230706391856074333e-03
-8.313872665166854858e-02
3.803056105971336365e-02
-4.892505705356597900e-01
-2.749162614345550537e-01
1.245178058743476868e-01
-1.271544992923736572e-01
