2.456035092473030090e-02
5.933968722820281982e-02
1.347484141588211060e-01
-1.089479699730873108e-01
-4.695308953523635864e-02
-1.359043568372726440e-01
-5.496425181627273560e-02
5.094617977738380432e-02
-6.132833659648895264e-02
9.155452251434326172e-02
3.116501029580831528e-03
-2.743886038661003113e-02
-5.389107391238212585e-02
1.768008433282375336e-02
4.319571703672409058e-02
7.427080534398555756e-03
5.477310344576835632e-02
-3.212356567382812500e-02
-2.235425077378749847e-02
1.415095850825309753e-02
-2.150376141071319580e-01
-1.159539073705673218e-01
4.859685897827148438e-02
-1.141383051872253418e-01
1.065677553415298462e-01
3.547513112425804138e-02
1.395813748240470886e-02
1.772566884756088257e-02
7.811780273914337158e-02
1.330570429563522339e-01
1.386563293635845184e-02
4.472082108259201050e-02
1.062989532947540283e-01
5.281628295779228210e-02
-5.385364592075347900e-02
-1.159946471452713013e-01
1.054895296692848206e-01
-1.590932607650756836e-01
9.957009926438331604e-03
1.196597367525100708e-01
1.704845391213893890e-02
9.292416274547576904e-02
-6.745336949825286865e-02
9.874472767114639282e-02
1.033569648861885071e-01
5.009346455335617065e-02
2.973102778196334839e-02
2.806581556797027588e-02
-7.469406351447105408e-03
-5.765436217188835144e-02
-1.444717030972242355e-02
-1.640115678310394287e-01
1.254631280899047852e-01
8.169417828321456909e-02
6.353133916854858398e-02
9.361130744218826294e-02
2.127517014741897583e-02
4.863510280847549438e-02
-1.173939853906631470e-01
2.374001219868659973e-02
-2.177313119173049927e-01
9.857147932052612305e-03
-1.882889419794082642e-01
4.672458022832870483e-02
-8.286806195974349976e-02
5.849224701523780823e-02
-3.057771362364292145e-02
5.094741284847259521e-02
5.405975133180618286e-02
-1.671061515808105469e-01
1.153772138059139252e-02
-3.024187870323657990e-02
-1.393236219882965088e-01
1.147351507097482681e-02
4.284265264868736267e-02
1.188722476363182068e-01
-1.288935840129852295e-01
4.788357019424438477e-02
4.740208759903907776e-02
-6.251908838748931885e-02
9.266667184419929981e-04
-1.443999633193016052e-02
9.092430025339126587e-02
1.341924369335174561e-01
-3.381545096635818481e-02
5.601412802934646606e-02
8.481830358505249023e-02
-4.668996110558509827e-02
2.283100225031375885e-02
-9.707950055599212646e-03
1.360161006450653076e-01
-2.624728679656982422e-01
8.750925771892070770e-03
-5.525782704353332520e-02
3.834430873394012451e-02
-7.201220840215682983e-02
9.065586328506469727e-02
1.612423807382583618e-01
-1.075692027807235718e-01
1.010783314704895020e-01
-5.191983282566070557e-02
8.377666771411895752e-02
-7.037976384162902832e-02
-8.063510805368423462e-02
-2.430992759764194489e-02
5.330337584018707275e-02
1.277050226926803589e-01
1.403360217809677124e-01
-5.929970741271972656e-02
-6.388522684574127197e-02
-7.659044861793518066e-02
-1.162616387009620667e-01
6.614666432142257690e-02
-1.644243150949478149e-01
4.216095805168151855e-02
-2.786121070384979248e-01
-1.006341725587844849e-01
-6.958819180727005005e-02
-7.613978534936904907e-02
3.711597248911857605e-02
-2.469868212938308716e-02
9.158718585968017578e-02
-1.996049098670482635e-02
-1.760533265769481659e-02
2.979059703648090363e-02
-3.727932274341583252e-02
4.659909382462501526e-02
-1.370542198419570923e-01
