-1.734910160303115845e-01
-2.337100058794021606e-01
-3.383290469646453857e-01
-8.057048916816711426e-02
-1.920107901096343994e-01
-6.205421313643455505e-02
-1.885194033384323120e-01
-2.830359339714050293e-01
-1.680339574813842773e-01
-1.795668452978134155e-01
-2.645397186279296875e-01
-1.982537209987640381e-01
-1.183158531785011292e-01
-2.431889027357101440e-01
-1.706439852714538574e-01
-3.089775443077087402e-01
-2.660785317420959473e-01
-4.039888679981231689e-01
-1.949349939823150635e-01
-1.392265260219573975e-01
-2.449167519807815552e-01
-1.241666972637176514e-01
-2.012194991111755371e-01
-1.901228427886962891e-01
-1.013611406087875366e-01
-3.468037843704223633e-01
-2.244522720575332642e-01
-3.271631598472595215e-01
-3.056591451168060303e-01
-3.289085328578948975e-01
-1.532076448202133179e-01
-1.967463791370391846e-01
-6.668985635042190552e-02
-3.280664086341857910e-01
-1.418470293283462524e-01
-1.526999175548553467e-01
-9.870841354131698608e-02
-3.243097960948944092e-01
-2.251525521278381348e-01
-3.461645543575286865e-01
-2.283923774957656860e-01
-2.262561172246932983e-01
-1.809557378292083740e-01
-1.563924401998519897e-01
-1.729981601238250732e-01
-1.506613492965698242e-01
-2.912917733192443848e-01
-1.643084287643432617e-01
-1.998201608657836914e-01
-1.532104462385177612e-01
-2.210713475942611694e-01
-2.246710211038589478e-01
-9.133838117122650146e-02
-1.562501788139343262e-01
-2.452632635831832886e-01
-4.853641092777252197e-01
-4.427868425846099854e-01
-1.021455302834510803e-01
-1.615082323551177979e-01
-2.125333696603775024e-01
-2.239030003547668457e-01
-1.951728612184524536e-01
-4.465477913618087769e-02
-1.732572913169860840e-01
-1.177510321140289307e-01
-4.774546623229980469e-01
-2.110252082347869873e-01
-2.304681688547134399e-01
-1.794920414686203003e-01
-1.582203656435012817e-01
-2.007796168327331543e-01
-2.040528655052185059e-01
-1.974387913942337036e-01
-2.749882936477661133e-01
-3.952090442180633545e-02
-2.160608768463134766e-01
-2.786042392253875732e-01
-2.625719606876373291e-01
-9.966833144426345825e-02
-2.953244149684906006e-01
-1.431025713682174683e-01
-1.447574943304061890e-01
-1.893519014120101929e-01
-1.283459663391113281e-01
-1.806979477405548096e-01
-1.144177317619323730e-01
-1.307838857173919678e-01
-4.153912961483001709e-01
-2.323550283908843994e-01
-1.376376748085021973e-01
-1.154408231377601624e-01
-2.098712176084518433e-01
-9.662291407585144043e-02
-1.668712645769119263e-01
-3.834892213344573975e-01
-2.545034289360046387e-01
-1.603123545646667480e-01
-1.903718113899230957e-01
-2.419554144144058228e-01
-1.657565385103225708e-01
-1.133495941758155823e-01
-1.497880816459655762e-01
-1.212805435061454773e-01
-2.318246364593505859e-01
-2.017045319080352783e-01
-3.826916813850402832e-01
-1.490857899188995361e-01
-1.174097657203674316e-01
-1.261186003684997559e-01
-2.031142562627792358e-01
-1.831866204738616943e-01
-2.274192720651626587e-01
-1.280939429998397827e-01
-2.556616961956024170e-01
-1.400345861911773682e-01
-7.234729081392288208e-02
-2.211943268775939941e-01
-1.485633850097656250e-01
-2.913661897182464600e-01
-1.115996688604354858e-01
-2.193891406059265137e-01
-4.897991716861724854e-01
-3.693487644195556641e-01
-1.436691284179687500e-01
-1.232283264398574829e-01
-3.723341822624206543e-01
-6.793883442878723145e-01
-1.535556465387344360e-01
