1.193892955780029297e-01
1.624510884284973145e-01
3.083920776844024658e-01
2.930600941181182861e-01
2.957368195056915283e-01
5.263034105300903320e-01
4.038448333740234375e-01
2.023520022630691528e-01
3.400559127330780029e-01
1.982152163982391357e-01
2.559101581573486328e-01
2.311211228370666504e-01
1.630435883998870850e-01
2.890836596488952637e-01
2.248448729515075684e-01
2.310511916875839233e-01
2.416806221008300781e-01
2.186893075704574585e-01
1.921578347682952881e-01
3.103238642215728760e-01
2.014595270156860352e-01
4.802434146404266357e-01
2.481317520141601562e-01
3.898076713085174561e-01
3.203907907009124756e-01
4.034846425056457520e-01
2.617443501949310303e-01
1.551195532083511353e-01
2.256150394678115845e-01
2.117356956005096436e-01
2.707507908344268799e-01
3.536663651466369629e-01
2.504580616950988770e-01
1.842783391475677490e-01
2.464807927608489990e-01
6.501014828681945801e-01
3.897601664066314697e-01
4.289381206035614014e-01
1.799437552690505981e-01
1.603530496358871460e-01
1.775241941213607788e-01
3.599532544612884521e-01
2.693519890308380127e-01
1.282529383897781372e-01
1.661692410707473755e-01
1.716292053461074829e-01
1.836735010147094727e-01
1.710199862718582153e-01
4.178389906883239746e-01
3.248531520366668701e-01
1.758950501680374146e-01
4.717091917991638184e-01
4.114925563335418701e-01
1.994892358779907227e-01
2.025034278631210327e-01
1.491516381502151489e-01
2.860271930694580078e-01
1.072496697306632996e-01
3.648801147937774658e-01
1.906116753816604614e-01
5.368618369102478027e-01
2.400428056716918945e-01
4.410930871963500977e-01
1.702339053153991699e-01
1.993191987276077271e-01
2.044742405414581299e-01
1.972124725580215454e-01
4.041374921798706055e-01
3.034037351608276367e-01
6.167746186256408691e-01
2.284460812807083130e-01
3.228386640548706055e-01
4.547252655029296875e-01
4.369607865810394287e-01
1.570128053426742554e-01
4.057157635688781738e-01
5.791290402412414551e-01
2.337506413459777832e-01
1.585520356893539429e-01
3.130323290824890137e-01
2.201127111911773682e-01
3.195441961288452148e-01
1.165996789932250977e-01
2.517122626304626465e-01
2.183736413717269897e-01
9.890559315681457520e-02
3.116228878498077393e-01
2.612830698490142822e-01
3.276864290237426758e-01
1.777885258197784424e-01
2.717776596546173096e-01
4.174230694770812988e-01
5.139968395233154297e-01
2.136028558015823364e-01
1.905343234539031982e-01
2.897748053073883057e-01
2.471654117107391357e-01
1.340827643871307373e-01
6.212242841720581055e-01
1.810406297445297241e-01
2.393546700477600098e-01
1.417094916105270386e-01
1.759456694126129150e-01
2.826837301254272461e-01
1.987070888280868530e-01
3.774745166301727295e-01
3.748896420001983643e-01
1.273577511310577393e-01
3.656010627746582031e-01
4.304886460304260254e-01
4.211774170398712158e-01
2.672556042671203613e-01
2.016156911849975586e-01
5.097743272781372070e-01
1.449457108974456787e-01
4.408368468284606934e-01
3.583216965198516846e-01
2.502954602241516113e-01
5.682023763656616211e-01
2.517528831958770752e-01
1.392408311367034912e-01
6.166080012917518616e-02
3.405730724334716797e-01
1.312630623579025269e-01
4.586034417152404785e-01
2.913743555545806885e-01
1.326035857200622559e-01
3.914771676063537598e-01
