3.248343169689178467e-01
3.612857460975646973e-01
2.960012853145599365e-01
2.912717461585998535e-01
3.407243490219116211e-01
3.434855341911315918e-01
3.049275875091552734e-01
3.308246731758117676e-01
3.447032868862152100e-01
3.860292136669158936e-01
3.196253478527069092e-01
2.622001171112060547e-01
2.994419336318969727e-01
2.189191579818725586e-01
2.396577149629592896e-01
3.743630349636077881e-01
3.555023968219757080e-01
1.947821974754333496e-01
3.349428474903106689e-01
2.159323990345001221e-01
3.349497318267822266e-01
3.454264700412750244e-01
3.094079196453094482e-01
3.768801689147949219e-01
3.545551896095275879e-01
3.266771733760833740e-01
3.177719116210937500e-01
3.272234201431274414e-01
3.831991255283355713e-01
2.585167288780212402e-01
2.972781360149383545e-01
3.481034338474273682e-01
2.826707363128662109e-01
2.995456457138061523e-01
3.451393544673919678e-01
3.470872938632965088e-01
3.440190553665161133e-01
3.343518972396850586e-01
3.210527300834655762e-01
3.180465698242187500e-01
2.939640879631042480e-01
3.352969586849212646e-01
3.253329098224639893e-01
3.733412623405456543e-01
3.197772204875946045e-01
2.986754179000854492e-01
1.620309799909591675e-01
3.262020349502563477e-01
3.271195590496063232e-01
3.409623205661773682e-01
3.693121373653411865e-01
3.320406079292297363e-01
3.357043266296386719e-01
2.951339781284332275e-01
3.115327656269073486e-01
3.185146152973175049e-01
3.138504326343536377e-01
2.632769346237182617e-01
3.088945150375366211e-01
3.601430952548980713e-01
2.734000980854034424e-01
3.433397412300109863e-01
3.335022032260894775e-01
3.287863731384277344e-01
2.705536484718322754e-01
2.878853678703308105e-01
3.317623436450958252e-01
3.309608101844787598e-01
3.170233964920043945e-01
2.976506054401397705e-01
3.299600183963775635e-01
3.216288089752197266e-01
3.205131292343139648e-01
3.230567574501037598e-01
3.481272459030151367e-01
3.130050599575042725e-01
2.826082706451416016e-01
2.856372296810150146e-01
3.279236853122711182e-01
3.665984570980072021e-01
3.288278579711914062e-01
3.574995100498199463e-01
3.377196788787841797e-01
2.903895080089569092e-01
3.272740542888641357e-01
3.214419484138488770e-01
3.332419395446777344e-01
3.452290296554565430e-01
1.841881722211837769e-01
3.915770649909973145e-01
3.337447941303253174e-01
2.325472980737686157e-01
3.285236358642578125e-01
3.357963263988494873e-01
2.885269224643707275e-01
3.148841559886932373e-01
3.288368582725524902e-01
2.236028462648391724e-01
3.158984184265136719e-01
2.992656230926513672e-01
3.402521610260009766e-01
3.219513893127441406e-01
3.170724213123321533e-01
2.950219213962554932e-01
2.846721410751342773e-01
3.223768174648284912e-01
3.118653595447540283e-01
2.613272964954376221e-01
3.373529911041259766e-01
3.333152830600738525e-01
3.330051302909851074e-01
2.959029078483581543e-01
4.086585044860839844e-01
2.191630899906158447e-01
2.981734275817871094e-01
4.006098806858062744e-01
3.080627918243408203e-01
3.170748054981231689e-01
2.861528694629669189e-01
2.951791882514953613e-01
3.069621622562408447e-01
3.583010435104370117e-01
3.232178688049316406e-01
3.345030844211578369e-01
3.453488647937774658e-01
3.043109476566314697e-01
3.327105343341827393e-01
3.337400257587432861e-01
