1.453596949577331543e-01
3.270340859889984131e-01
3.112724721431732178e-01
2.538438737392425537e-01
4.086110293865203857e-01
3.937351703643798828e-01
4.400204420089721680e-01
3.108085393905639648e-01
3.406016528606414795e-01
2.167925983667373657e-01
2.170049548149108887e-01
3.856889903545379639e-01
1.970566511154174805e-01
2.692111432552337646e-01
1.663473993539810181e-01
2.453943938016891479e-01
3.232219815254211426e-01
3.686079978942871094e-01
3.893359303474426270e-01
3.264235854148864746e-01
3.875098228454589844e-01
4.706648290157318115e-01
1.958318501710891724e-01
4.717014431953430176e-01
1.672913283109664917e-01
3.938345909118652344e-01
3.044373989105224609e-01
1.928850710391998291e-01
2.175176739692687988e-01
2.118907868862152100e-01
4.229972660541534424e-01
3.682866990566253662e-01
2.454544603824615479e-01
2.228873968124389648e-01
3.370117247104644775e-01
3.228652775287628174e-01
2.688329517841339111e-01
3.556715846061706543e-01
2.580554783344268799e-01
4.030772447586059570e-01
4.492470920085906982e-01
3.642344474792480469e-01
2.599305212497711182e-01
1.881448328495025635e-01
1.358594447374343872e-01
2.957912385463714600e-01
1.912731826305389404e-01
3.064594864845275879e-01
3.980543911457061768e-01
4.101523160934448242e-01
1.873747110366821289e-01
4.515738785266876221e-01
3.340312540531158447e-01
1.627639830112457275e-01
3.599326908588409424e-01
1.624163985252380371e-01
2.886193394660949707e-01
1.358042806386947632e-01
4.491459131240844727e-01
2.693885266780853271e-01
4.823277890682220459e-01
3.393474221229553223e-01
4.764101803302764893e-01
3.154970109462738037e-01
6.005142927169799805e-01
4.653555750846862793e-01
5.264380574226379395e-01
2.990676462650299072e-01
2.991730570793151855e-01
4.620672166347503662e-01
2.613550722599029541e-01
4.246861636638641357e-01
4.662476778030395508e-01
4.249283075332641602e-01
3.345064520835876465e-01
2.655052840709686279e-01
4.047621786594390869e-01
3.604807257652282715e-01
1.782250404357910156e-01
3.832552134990692139e-01
2.823245525360107422e-01
3.843052983283996582e-01
3.306994438171386719e-01
2.150934785604476929e-01
3.317185938358306885e-01
1.457847654819488525e-01
2.770830094814300537e-01
4.917177259922027588e-01
3.199165165424346924e-01
4.221685826778411865e-01
1.558560132980346680e-01
4.883585572242736816e-01
3.266636431217193604e-01
3.439985513687133789e-01
1.607942134141921997e-01
4.855174124240875244e-01
2.677121758460998535e-01
1.615536510944366455e-01
3.220516145229339600e-01
4.242931306362152100e-01
3.661127686500549316e-01
1.892618536949157715e-01
3.399914801120758057e-01
3.648102879524230957e-01
1.778537929058074951e-01
3.543709516525268555e-01
2.852210104465484619e-01
2.436960190534591675e-01
4.472008943557739258e-01
3.011118173599243164e-01
3.996514976024627686e-01
6.172989010810852051e-01
2.793877124786376953e-01
4.867324531078338623e-01
1.502045392990112305e-01
6.021344065666198730e-01
3.603868484497070312e-01
4.696419239044189453e-01
3.711031675338745117e-01
2.388303875923156738e-01
5.346968173980712891e-01
1.508822143077850342e-01
3.213469684123992920e-01
4.394172430038452148e-01
3.229472935199737549e-01
4.328998625278472900e-01
1.488589942455291748e-01
3.702011406421661377e-01
