5.933098793029785156e-01
5.224825143814086914e-01
9.586774706840515137e-01
1.298441052436828613e+00
6.954018473625183105e-01
5.495214462280273438e-01
7.123398184776306152e-01
7.396283745765686035e-01
4.001422226428985596e-01
5.928619503974914551e-01
4.879966676235198975e-01
6.532235741615295410e-01
5.900602936744689941e-01
5.785933136940002441e-01
5.031441450119018555e-01
6.983966231346130371e-01
6.698822975158691406e-01
3.612796068191528320e-01
6.258118748664855957e-01
5.226110816001892090e-01
6.305670142173767090e-01
6.908432841300964355e-01
4.390074014663696289e-01
7.955474257469177246e-01
8.503595590591430664e-01
8.891336917877197266e-01
4.963048696517944336e-01
7.664874196052551270e-01
9.027290940284729004e-01
6.110702753067016602e-01
4.632416069507598877e-01
4.609359502792358398e-01
8.053116202354431152e-01
4.621277153491973877e-01
5.438271164894104004e-01
6.400722265243530273e-01
6.202822327613830566e-01
6.132640838623046875e-01
6.070436835289001465e-01
6.557922363281250000e-01
5.315180420875549316e-01
2.683719098567962646e-01
1.446227431297302246e-01
5.651435256004333496e-01
7.783623933792114258e-01
6.976789236068725586e-01
4.378969669342041016e-01
6.245664358139038086e-01
7.749039530754089355e-01
7.300564050674438477e-01
5.099076032638549805e-01
6.297858953475952148e-01
5.608316063880920410e-01
7.793745398521423340e-01
6.851171255111694336e-01
6.256843805313110352e-01
1.032232284545898438e+00
7.427446842193603516e-01
9.320324659347534180e-01
3.658618032932281494e-01
7.491925358772277832e-01
5.315963625907897949e-01
6.421287059783935547e-01
1.224697947502136230e+00
6.554633378982543945e-01
7.806509137153625488e-01
7.129557728767395020e-01
5.727559924125671387e-01
4.848130047321319580e-01
6.180506944656372070e-01
6.428121328353881836e-01
5.033050179481506348e-01
6.044410467147827148e-01
6.864545941352844238e-01
6.462503075599670410e-01
6.181483268737792969e-01
5.877601504325866699e-01
6.709099411964416504e-01
8.210508227348327637e-01
5.813100934028625488e-01
6.611856818199157715e-01
6.009281873703002930e-01
6.994385123252868652e-01
5.486779212951660156e-01
3.527862727642059326e-01
4.863161444664001465e-01
7.886251807212829590e-01
6.114319562911987305e-01
3.858298957347869873e-01
6.698009967803955078e-01
4.507444798946380615e-01
7.751306295394897461e-01
5.015714764595031738e-01
5.925114750862121582e-01
1.119310736656188965e+00
7.030916810035705566e-01
5.847069621086120605e-01
4.394651651382446289e-01
6.343382000923156738e-01
5.480045676231384277e-01
6.622970104217529297e-01
7.094414830207824707e-01
5.907682776451110840e-01
8.718527555465698242e-01
1.121973514556884766e+00
7.039234638214111328e-01
6.289721131324768066e-01
4.963512122631072998e-01
7.137429714202880859e-01
6.733815670013427734e-01
4.282447695732116699e-01
7.128779888153076172e-01
5.942249298095703125e-01
7.961720228195190430e-01
6.300156116485595703e-01
9.882991313934326172e-01
6.343302726745605469e-01
7.725955843925476074e-01
6.981502771377563477e-01
6.925631165504455566e-01
6.692030429840087891e-01
7.206682562828063965e-01
4.515862166881561279e-01
6.805048584938049316e-01
5.261926651000976562e-01
4.744073748588562012e-01
7.139286994934082031e-01
6.143707036972045898e-01
