3.334367573261260986e-01
5.814120545983314514e-02
7.145082205533981323e-02
3.441518843173980713e-01
1.756455302238464355e-01
1.509401798248291016e-01
1.567529588937759399e-01
3.099791407585144043e-01
1.927347034215927124e-01
1.515858024358749390e-01
3.044433593750000000e-01
2.238256037235260010e-01
3.706499338150024414e-01
1.738832741975784302e-01
3.050995171070098877e-01
2.610056698322296143e-01
1.574544012546539307e-01
2.015292197465896606e-01
2.932936847209930420e-01
1.009687632322311401e-01
5.870516300201416016e-01
6.758112460374832153e-02
2.499427199363708496e-01
9.289944916963577271e-02
2.443331331014633179e-01
4.947317019104957581e-02
2.448659986257553101e-01
2.750164866447448730e-01
3.071214854717254639e-01
3.024558126926422119e-01
1.817694157361984253e-01
6.881132721900939941e-02
2.223053127527236938e-01
3.765757977962493896e-01
4.661218523979187012e-01
3.284279704093933105e-01
1.035222336649894714e-01
3.399947881698608398e-01
2.324949353933334351e-01
1.513855904340744019e-01
1.753105968236923218e-01
2.269324064254760742e-01
2.605989873409271240e-01
1.830698698759078979e-01
2.893912792205810547e-01
2.589950263500213623e-01
2.208297252655029297e-01
1.399030238389968872e-01
6.434815376996994019e-02
2.833220958709716797e-01
3.450717031955718994e-01
2.016624510288238525e-01
6.957814097404479980e-02
2.722492516040802002e-01
1.127492487430572510e-01
2.916544675827026367e-01
2.357794493436813354e-01
2.703382372856140137e-01
9.105575084686279297e-02
2.590504884719848633e-01
1.301563382148742676e-01
2.261348813772201538e-01
1.967382431030273438e-01
5.390658229589462280e-02
6.965131312608718872e-02
5.244497582316398621e-02
1.050124242901802063e-01
8.611147850751876831e-02
1.172613874077796936e-01
9.574612975120544434e-02
1.861915439367294312e-01
1.642358899116516113e-01
1.335836201906204224e-01
1.064513623714447021e-01
1.312321126461029053e-01
8.879076689481735229e-02
7.926379889249801636e-02
4.752467572689056396e-02
3.048884570598602295e-01
2.324666380882263184e-01
2.907563447952270508e-01
1.292004287242889404e-01
7.784397155046463013e-02
2.263142019510269165e-01
2.379110753536224365e-01
3.405212163925170898e-01
9.142948687076568604e-02
1.935976594686508179e-01
1.223011761903762817e-01
1.399765461683273315e-01
2.952501773834228516e-01
2.360436767339706421e-01
1.681328266859054565e-01
1.338419169187545776e-01
2.665744125843048096e-01
1.495056748390197754e-01
7.609833031892776489e-02
1.673625111579895020e-01
1.783912926912307739e-01
1.719792038202285767e-01
2.317966818809509277e-01
3.752894103527069092e-01
2.103020548820495605e-01
1.921554058790206909e-01
4.001924991607666016e-01
1.718467622995376587e-01
5.925161018967628479e-02
7.419206947088241577e-02
6.856008619070053101e-02
1.930748522281646729e-01
1.385880708694458008e-01
1.111376062035560608e-01
3.054509758949279785e-01
1.205030232667922974e-01
3.443387448787689209e-01
1.633052378892898560e-01
3.672800362110137939e-01
1.533786952495574951e-01
7.420613616704940796e-02
2.087610065937042236e-01
3.941831737756729126e-02
2.593986988067626953e-01
1.384665220975875854e-01
-5.075630266219377518e-03
1.904678642749786377e-01
1.275263279676437378e-01
3.070999383926391602e-01
1.681794971227645874e-01
