1.950753629207611084e-01
1.512609701603651047e-02
2.468561939895153046e-02
6.914013624191284180e-02
6.647660583257675171e-02
3.856885433197021484e-02
2.920495532453060150e-02
1.873484551906585693e-01
4.759052395820617676e-02
8.591746538877487183e-02
1.064775735139846802e-01
9.164761751890182495e-02
1.232856959104537964e-01
5.945314466953277588e-02
1.220473125576972961e-01
8.775292336940765381e-02
6.203443184494972229e-02
8.351831883192062378e-02
1.197664737701416016e-01
2.639334462583065033e-02
1.417117863893508911e-01
1.513720769435167313e-02
8.078566193580627441e-02
2.232436276972293854e-02
1.226545348763465881e-01
9.269546717405319214e-03
1.094135865569114685e-01
1.056763976812362671e-01
1.190166845917701721e-01
1.482996791601181030e-01
7.640875875949859619e-02
1.853101141750812531e-02
6.417816132307052612e-02
2.118456363677978516e-01
1.243312507867813110e-01
5.548443272709846497e-02
4.272201657295227051e-02
5.561473220586776733e-02
1.126068457961082458e-01
9.588651359081268311e-02
9.429428726434707642e-02
1.134871244430541992e-01
6.608681380748748779e-02
7.039488852024078369e-02
1.229393184185028076e-01
1.406185477972030640e-01
8.587008714675903320e-02
6.717621535062789917e-02
1.376575604081153870e-02
1.057364195585250854e-01
1.113515272736549377e-01
5.892532318830490112e-02
2.686142176389694214e-02
9.694229811429977417e-02
4.894495010375976562e-02
1.289956271648406982e-01
7.679148018360137939e-02
9.350604563951492310e-02
2.150018326938152313e-02
1.296276599168777466e-01
1.215486600995063782e-02
5.913214385509490967e-02
5.834086239337921143e-02
2.164912596344947815e-02
1.346089225262403488e-02
1.059699244797229767e-02
3.417270258069038391e-02
1.985118910670280457e-02
5.658315122127532959e-02
1.678978279232978821e-02
6.400632858276367188e-02
5.373020842671394348e-02
3.217821195721626282e-02
3.179205954074859619e-02
5.844818428158760071e-02
3.613265603780746460e-02
1.546624302864074707e-02
1.594089716672897339e-02
9.486586600542068481e-02
9.653952717781066895e-02
9.270250052213668823e-02
3.314831480383872986e-02
2.403402701020240784e-02
1.121437475085258484e-01
6.925985962152481079e-02
2.177260369062423706e-01
2.508887462317943573e-02
6.499430537223815918e-02
3.450890630483627319e-02
3.568304702639579773e-02
1.534433066844940186e-01
5.683271214365959167e-02
3.697448596358299255e-02
4.419896379113197327e-02
7.522841542959213257e-02
4.129646345973014832e-02
2.510602958500385284e-02
5.820597708225250244e-02
3.702498599886894226e-02
1.190140545368194580e-01
9.932570159435272217e-02
2.644336521625518799e-01
5.366371572017669678e-02
4.954040795564651489e-02
1.122329086065292358e-01
6.376542150974273682e-02
3.024176508188247681e-02
3.758806362748146057e-02
1.872107014060020447e-02
6.337973475456237793e-02
3.074800595641136169e-02
3.778379037976264954e-02
1.792702674865722656e-01
2.395198866724967957e-02
2.015063315629959106e-01
3.374680876731872559e-02
1.444267779588699341e-01
3.681277483701705933e-02
1.645591296255588531e-02
7.097977399826049805e-02
1.331815402954816818e-02
2.638227641582489014e-01
2.883424237370491028e-02
5.704900249838829041e-03
4.620173573493957520e-02
2.907383814454078674e-02
1.197949349880218506e-01
4.504235088825225830e-02
