-2.112825959920883179e-01
1.359108239412307739e-01
3.871969645842909813e-03
8.862151205539703369e-02
-5.459293723106384277e-02
-2.715699374675750732e-01
2.520571649074554443e-01
-2.034663259983062744e-01
3.030886687338352203e-02
-1.464477032423019409e-01
-2.639982104301452637e-01
-4.436312913894653320e-01
-3.814810812473297119e-01
-1.463275700807571411e-01
5.729006603360176086e-02
-2.119840681552886963e-01
-6.647977232933044434e-02
2.437805831432342529e-01
8.315706253051757812e-02
3.993604332208633423e-03
-2.135960608720779419e-01
-1.755048930644989014e-01
-7.200573682785034180e-01
-2.233406752347946167e-01
1.046561822295188904e-01
1.466724425554275513e-01
-3.165394365787506104e-01
-2.009649872779846191e-01
2.568910419940948486e-01
-8.140850663185119629e-01
-8.672030270099639893e-02
-8.748060464859008789e-02
-9.793920516967773438e-01
-2.196620851755142212e-01
-5.676227435469627380e-02
-3.848409950733184814e-01
2.579438090324401855e-01
1.734536439180374146e-01
-5.280730873346328735e-02
3.276284635066986084e-01
-4.380496442317962646e-01
1.894610673189163208e-01
-1.315657943487167358e-01
-3.100939691066741943e-01
-2.861901223659515381e-01
-1.666085794568061829e-02
-2.216185331344604492e-01
-1.930165290832519531e-01
4.537229612469673157e-02
-3.049006462097167969e-01
1.863408386707305908e-01
-5.460607409477233887e-01
4.607913270592689514e-02
1.899104118347167969e-01
-3.532405570149421692e-02
-2.415481954813003540e-01
8.130525052547454834e-02
4.787970781326293945e-01
5.192983150482177734e-02
4.384071752429008484e-02
1.379061937332153320e-01
-4.035640656948089600e-01
-1.231497153639793396e-01
5.512437224388122559e-02
-6.630485504865646362e-02
1.699122935533523560e-01
-3.095451295375823975e-01
-1.080164015293121338e-01
-1.431395262479782104e-01
2.338522821664810181e-01
-2.893156409263610840e-01
3.512715697288513184e-01
1.892794519662857056e-01
-7.887271046638488770e-02
-5.882448554039001465e-01
-1.365084648132324219e-01
-2.919180989265441895e-01
2.869338989257812500e-01
3.084785044193267822e-01
-1.095995157957077026e-01
3.905060291290283203e-01
-2.629705369472503662e-01
-2.149966806173324585e-01
-1.966120600700378418e-01
-2.579177021980285645e-01
-9.039071947336196899e-02
5.063961446285247803e-02
-2.752737514674663544e-02
4.066716432571411133e-01
9.696098417043685913e-02
-3.975725769996643066e-01
2.176340222358703613e-01
2.584833204746246338e-01
1.077764257788658142e-01
-2.607117295265197754e-01
-1.125923618674278259e-01
-2.001018971204757690e-01
-4.399608969688415527e-01
-1.181153729557991028e-01
2.168096899986267090e-01
-1.290163993835449219e-01
-1.433991789817810059e-01
2.498097121715545654e-01
-2.811249196529388428e-01
-2.768260538578033447e-01
-5.208915472030639648e-01
1.785353273153305054e-01
1.160705164074897766e-01
-1.805568933486938477e-01
-1.447781622409820557e-01
-7.039871811866760254e-02
-3.591381907463073730e-01
-4.581364393234252930e-01
-1.116572394967079163e-01
-1.916075050830841064e-01
7.261314988136291504e-01
-2.381537705659866333e-01
1.262882910668849945e-02
7.488917559385299683e-02
-9.664511308073997498e-03
4.798735678195953369e-02
9.939939379692077637e-01
6.336776167154312134e-02
6.289838999509811401e-02
-7.953954339027404785e-01
-1.611971557140350342e-01
1.303984045982360840e+00
-2.879457771778106689e-01
