-1.024527549743652344e-01
-2.591708004474639893e-01
-9.654588252305984497e-02
-3.406524062156677246e-01
-7.096555829048156738e-01
-6.031118631362915039e-01
-2.141149193048477173e-01
-9.030697345733642578e-01
-4.035110771656036377e-01
-6.407430171966552734e-01
-2.496543973684310913e-01
-3.582805395126342773e-01
-4.565300047397613525e-01
-6.490311026573181152e-01
-5.170087218284606934e-01
-1.348725110292434692e-01
-4.850020706653594971e-01
-4.739308059215545654e-01
-3.153258562088012695e-01
-8.208946585655212402e-01
-4.224867224693298340e-01
-6.205794215202331543e-01
-4.559069275856018066e-01
-3.367573916912078857e-01
-4.792241156101226807e-01
-1.457809507846832275e-01
-2.747755348682403564e-01
-3.980237841606140137e-01
-7.130269408226013184e-01
-8.394373655319213867e-01
-2.737733125686645508e-01
-2.684212923049926758e-01
-7.558789253234863281e-01
-1.211725249886512756e-01
-4.389506280422210693e-01
-6.970697045326232910e-01
-5.033597350120544434e-01
-5.666612982749938965e-01
-8.809310942888259888e-02
-5.308249592781066895e-01
-1.077884912490844727e+00
-4.656940996646881104e-01
-1.016418859362602234e-01
-3.251292407512664795e-01
5.384091734886169434e-01
-7.572889328002929688e-01
-4.717783629894256592e-01
-3.474895954132080078e-01
-7.198426127433776855e-01
4.782020673155784607e-02
-1.387337446212768555e-01
-8.779761195182800293e-01
-4.057418704032897949e-01
-1.150657981634140015e-01
9.924537688493728638e-02
-3.887537121772766113e-01
-1.001531481742858887e+00
-3.866416215896606445e-01
-3.266967535018920898e-01
-7.324401140213012695e-01
9.076157957315444946e-02
-2.759901583194732666e-01
-2.759399712085723877e-01
-1.891904175281524658e-01
-5.036489367485046387e-01
-7.406448721885681152e-01
-5.313692092895507812e-01
-4.803752303123474121e-01
-6.063234210014343262e-01
-2.653012750670313835e-03
-9.184935092926025391e-01
-2.443571686744689941e-01
-1.184874057769775391e+00
-5.389591455459594727e-01
8.258300274610519409e-02
-5.176621079444885254e-01
-2.813849747180938721e-01
-9.466793537139892578e-01
-3.946387171745300293e-01
-2.202162295579910278e-01
-9.324887990951538086e-01
-2.205353975296020508e-01
-5.632112622261047363e-01
-3.164684772491455078e-01
-3.471393585205078125e-01
-5.693942308425903320e-01
-5.108600854873657227e-01
-5.890065431594848633e-01
-7.838022112846374512e-01
-2.263497561216354370e-03
-2.395845502614974976e-01
-1.672277599573135376e-01
-8.410887718200683594e-01
-7.307375669479370117e-01
-7.261484861373901367e-01
-9.348702430725097656e-01
-3.716297149658203125e-01
-3.561717569828033447e-01
-5.136712193489074707e-01
1.996535435318946838e-02
-1.683044433593750000e-01
-5.632886886596679688e-01
-7.859853506088256836e-01
9.910089522600173950e-02
-4.193113148212432861e-01
-2.071902751922607422e-01
3.578862547874450684e-01
-4.102272391319274902e-01
-3.667500913143157959e-01
-4.048980176448822021e-01
-9.005483984947204590e-01
-2.776912748813629150e-01
-2.725477218627929688e-01
3.941227197647094727e-01
-5.075106620788574219e-01
-4.529935717582702637e-01
-1.478305160999298096e-01
-2.206021361052989960e-02
-8.573840260505676270e-01
-3.103588819503784180e-01
-3.454422056674957275e-01
-6.428114175796508789e-01
-2.708955109119415283e-01
-8.565030694007873535e-01
-6.259888410568237305e-01
3.891056776046752930e-02
-2.253538668155670166e-01
-6.052563339471817017e-02
-5.984011888504028320e-01
-3.642721772193908691e-01
-3.484620153903961182e-01
2.558136172592639923e-02
-6.499124169349670410e-01
-3.052797615528106689e-01
-2.398289591073989868e-01
-3.982088267803192139e-01
-7.215222716331481934e-01
-6.537064909934997559e-01
7.682159543037414551e-02
-4.554108083248138428e-01
-5.361627936363220215e-01
-1.020573750138282776e-01
-6.464117169380187988e-01
-2.657587230205535889e-01
-4.985252618789672852e-01
-4.319177865982055664e-01
-3.855185806751251221e-01
-3.942941427230834961e-01
-5.917544364929199219e-01
-2.335252165794372559e-01
-6.772295832633972168e-01
-5.162183046340942383e-01
3.806023597717285156e-01
-3.896361887454986572e-01
-7.292144298553466797e-01
-2.206925749778747559e-01
-1.687202155590057373e-01
-6.622745394706726074e-01
2.849705517292022705e-01
1.725845932960510254e-01
-1.974085867404937744e-01
-5.586431622505187988e-01
-2.523576021194458008e-01
1.772792488336563110e-01
-6.096153855323791504e-01
-2.280526459217071533e-01
-4.690638482570648193e-01
-8.133285641670227051e-01
9.186330251395702362e-03
-4.919891059398651123e-01
-1.767774224281311035e-01
1.288254261016845703e-01
-6.929214298725128174e-02
-8.397317528724670410e-01
2.612915337085723877e-01
-2.187668532133102417e-01
-3.190372586250305176e-01
-4.867600500583648682e-01
-6.609315872192382812e-01
-7.674961686134338379e-01
-7.932612299919128418e-01
-9.342048168182373047e-01
-6.911867856979370117e-02
-6.616140007972717285e-01
-3.704870343208312988e-01
-4.537892043590545654e-01
-9.279190301895141602e-01
3.323771357536315918e-01
-4.950217604637145996e-01
2.669447064399719238e-01
-8.139046430587768555e-01
-7.909100651741027832e-01
-7.892059087753295898e-01
-4.671733379364013672e-01
-5.916892290115356445e-01
-5.462589859962463379e-01
-2.895797491073608398e-01
-2.264763228595256805e-02
-2.722031474113464355e-01
-3.746829628944396973e-01
1.202057823538780212e-01
-3.379546105861663818e-02
1.890719532966613770e-01
-2.435094863176345825e-01
-2.264960110187530518e-02
-7.646204233169555664e-01
-4.016446769237518311e-01
-3.115931153297424316e-01
1.539554834365844727e+00
-1.373442262411117554e-01
-7.531583905220031738e-01
-6.100035309791564941e-01
-2.438976317644119263e-01
-5.319159030914306641e-01
-6.603111028671264648e-01
-3.198735117912292480e-01
-8.471423983573913574e-01
-4.837071150541305542e-02
8.299554884433746338e-02
-4.584096074104309082e-01
-3.889075219631195068e-01
-8.162808418273925781e-01
-3.321794867515563965e-01
-6.670261025428771973e-01
-7.744224071502685547e-01
-7.009646296501159668e-01
2.127830088138580322e-01
-5.623790621757507324e-01
-1.035952687263488770e+00
-3.098410069942474365e-01
6.999969482421875000e-01
-3.580351173877716064e-01
-3.484365046024322510e-01
-5.161482095718383789e-01
-2.166903167963027954e-01
-8.903277516365051270e-01
-3.401574790477752686e-01
-4.037151336669921875e-01
-5.501139760017395020e-01
-4.197018146514892578e-01
-5.289544463157653809e-01
-4.973799288272857666e-01
8.297119289636611938e-03
-1.658981665968894958e-02
-8.606515526771545410e-01
-5.580719709396362305e-01
-5.160582661628723145e-01
-3.667727112770080566e-01
-7.363090515136718750e-01
-3.654384315013885498e-01
-2.788473665714263916e-01
-3.890110552310943604e-01
-1.521173864603042603e-01
-3.327111005783081055e-01
-7.902603149414062500e-01
-2.530973553657531738e-01
