-1.252847164869308472e-01
-2.262143194675445557e-01
-4.860295355319976807e-01
-1.458323150873184204e-01
-6.311177611351013184e-01
7.284082006663084030e-03
-5.970044806599617004e-02
3.751678625121712685e-03
-1.363205462694168091e-01
-2.212602943181991577e-01
-3.843761682510375977e-01
-5.782632231712341309e-01
-1.271543145179748535e+00
-4.545792937278747559e-01
-1.409158468246459961e+00
-4.863972961902618408e-01
2.884396016597747803e-01
-7.826567888259887695e-01
3.059535324573516846e-01
-3.541591167449951172e-01
-5.711007118225097656e-01
-7.998089790344238281e-01
8.876788616180419922e-02
-1.438839286565780640e-01
-6.867315173149108887e-01
-8.588426709175109863e-01
-5.447324514389038086e-01
2.982662022113800049e-01
-1.919365674257278442e-01
1.344173401594161987e-01
-6.387205123901367188e-01
-4.716272652149200439e-01
6.139400005340576172e-01
-6.469275802373886108e-03
9.156594984233379364e-03
-7.543385028839111328e-01
-3.665682673454284668e-01
-1.479493081569671631e-01
-7.262946963310241699e-01
-3.063956797122955322e-01
-3.002550005912780762e-01
-4.880074560642242432e-01
-3.687790930271148682e-01
-3.294785916805267334e-01
-1.465545445680618286e-01
-6.681125164031982422e-01
-1.216522008180618286e-01
-5.660832524299621582e-01
-7.541719675064086914e-01
-4.977118968963623047e-01
-1.981765180826187134e-01
-7.480139732360839844e-01
2.935469150543212891e-01
-5.039287209510803223e-01
-4.152393639087677002e-01
-1.845731735229492188e-01
-6.534572690725326538e-02
-3.616542816162109375e-01
9.786313772201538086e-02
-9.889712929725646973e-02
-8.747202754020690918e-01
-6.866002678871154785e-01
-2.850404083728790283e-01
-1.807051151990890503e-01
-7.563753128051757812e-01
4.895586073398590088e-01
-4.719064831733703613e-01
-3.250713944435119629e-01
2.360777705907821655e-01
-2.823028266429901123e-01
-5.453575849533081055e-01
-5.702955722808837891e-01
-3.914142847061157227e-01
-7.459491491317749023e-01
-3.127413392066955566e-01
4.983071684837341309e-01
-4.290210008621215820e-01
5.014710500836372375e-02
-1.465158760547637939e-01
-6.060472130775451660e-01
3.132274150848388672e-01
-3.743273019790649414e-01
-5.825716257095336914e-01
-3.843148648738861084e-01
-1.076405793428421021e-01
-5.656983852386474609e-01
-3.101766705513000488e-01
3.179437220096588135e-01
-7.787139415740966797e-01
-3.261071443557739258e-02
-4.722612202167510986e-01
-5.668839216232299805e-01
-1.416397839784622192e-02
-5.973785519599914551e-01
-3.175222575664520264e-01
-9.361143708229064941e-01
-1.838420629501342773e-01
1.328573822975158691e-01
-1.032076597213745117e+00
-5.906235799193382263e-02
-4.598938524723052979e-01
-5.094210505485534668e-01
2.070175856351852417e-01
-5.201535671949386597e-02
1.507656723260879517e-01
-8.618996143341064453e-01
-8.779847621917724609e-02
-8.131551146507263184e-01
-3.858661949634552002e-01
-2.299376130104064941e-01
-6.099659204483032227e-01
-2.246481478214263916e-01
-3.464241921901702881e-01
-9.515366554260253906e-01
8.547863364219665527e-02
3.100991547107696533e-01
-4.721486568450927734e-01
-4.155322611331939697e-01
7.985659874975681305e-03
-1.731540858745574951e-01
-6.501072645187377930e-01
-6.203444600105285645e-01
-1.371753364801406860e-01
-1.522184163331985474e-01
-2.869886457920074463e-01
-4.940540492534637451e-01
9.664810448884963989e-02
5.072541236877441406e-01
-2.510306835174560547e-01
-3.032419383525848389e-01
-3.149557709693908691e-01
-5.732679963111877441e-01
-5.447551980614662170e-02
-3.440829515457153320e-01
-7.644258141517639160e-01
-2.321191132068634033e-01
-7.738445401191711426e-01
-1.745314598083496094e-01
2.423313111066818237e-01
-3.350811004638671875e-01
-1.295899152755737305e-01
-5.124655365943908691e-01
-1.100728586316108704e-01
-8.767787814140319824e-01
-2.860188782215118408e-01
-3.559952378273010254e-01
-1.243550181388854980e-01
-2.997071146965026855e-01
-1.577390134334564209e-01
-3.160332143306732178e-01
-1.748126000165939331e-01
5.893005728721618652e-01
1.251720935106277466e-01
-2.802161872386932373e-01
-5.141310021281242371e-02
-6.605001688003540039e-01
-1.988665163516998291e-01
-1.061921417713165283e-01
-8.441474288702011108e-02
-6.724054813385009766e-01
-8.341975626535713673e-04
-2.605511546134948730e-01
-3.828149735927581787e-01
-1.673965007066726685e-01
-1.455197930335998535e+00
-4.452080130577087402e-01
-2.158497869968414307e-01
-5.878163576126098633e-01
-4.178733825683593750e-01
-6.215274333953857422e-01
1.737197041511535645e-01
-5.886772871017456055e-01
-5.720285177230834961e-01
7.468097656965255737e-02
-6.005450487136840820e-01
-3.460554182529449463e-01
-3.259683251380920410e-01
-3.577408492565155029e-01
-9.330360591411590576e-02
-3.588040769100189209e-01
-3.934703171253204346e-01
-9.550651907920837402e-01
-9.142916798591613770e-01
-2.762359678745269775e-01
-3.652195036411285400e-01
-1.703526377677917480e-01
-2.676291167736053467e-01
-2.291789948940277100e-01
-3.800494968891143799e-01
-4.927385151386260986e-01
-2.178455591201782227e-01
-3.613987267017364502e-01
-1.273772567510604858e-01
-5.202790498733520508e-01
-5.436937808990478516e-01
2.097877301275730133e-02
-6.357252001762390137e-01
-5.926803946495056152e-01
-1.610994338989257812e-01
-1.014997437596321106e-01
-4.066631793975830078e-01
-4.211750030517578125e-01
-2.671191692352294922e-01
-3.272375166416168213e-01
-4.997708201408386230e-01
1.045267656445503235e-02
-3.976988196372985840e-01
-4.611700177192687988e-01
-6.706661731004714966e-02
1.528014242649078369e-01
-1.927389800548553467e-01
-4.017574787139892578e-01
-5.817241072654724121e-01
-3.383445739746093750e-01
-5.078562498092651367e-01
-6.062194108963012695e-01
-2.093981951475143433e-01
3.439036011695861816e-02
4.938541445881128311e-03
-7.406493183225393295e-03
-8.430805206298828125e-01
-8.823840618133544922e-01
-3.549444377422332764e-01
-2.094998806715011597e-01
-4.937048852443695068e-01
-2.907314300537109375e-01
-4.414461553096771240e-01
-4.896154701709747314e-01
8.363340049982070923e-02
-9.779515266418457031e-01
-4.721255898475646973e-01
-1.473931223154067993e-01
-3.185076117515563965e-01
-2.436275780200958252e-01
-1.796901822090148926e-01
-4.285049811005592346e-02
-2.971552014350891113e-01
-4.299108386039733887e-01
-3.124704062938690186e-01
-3.698915541172027588e-01
-4.898701012134552002e-01
-9.786832332611083984e-02
-7.803927063941955566e-01
-3.924262821674346924e-01
8.497985452413558960e-02
-5.030456781387329102e-01
-6.754536628723144531e-01
-2.506411373615264893e-01
-4.354262650012969971e-01
-2.440555989742279053e-01
1.934558153152465820e-02
-3.442230224609375000e-01
-6.758490204811096191e-01
-4.483815729618072510e-01
-1.628415882587432861e-01
-6.801283359527587891e-01
