-1.624494977295398712e-02
-2.032630741596221924e-01
2.938528545200824738e-02
-1.696643829345703125e-01
-1.839509457349777222e-01
-3.089711628854274750e-02
-2.038614302873611450e-01
-1.425880342721939087e-01
-4.431743547320365906e-02
-8.859735727310180664e-02
-6.467680633068084717e-02
-9.684869647026062012e-02
-3.797824680805206299e-02
-2.073288261890411377e-01
-3.060563802719116211e-01
1.442843228578567505e-01
-3.078842163085937500e-01
-1.231790482997894287e-01
-1.627122759819030762e-01
-9.804083406925201416e-02
-2.471178472042083740e-01
-2.836529612541198730e-01
-1.201230287551879883e-01
-2.893141806125640869e-01
-2.303106337785720825e-01
-3.562097549438476562e-01
-8.249691873788833618e-02
-3.483265936374664307e-01
7.073213905096054077e-02
-1.320769190788269043e-01
-1.074206456542015076e-01
-1.451436579227447510e-01
2.350620739161968231e-02
2.250488661229610443e-02
-1.884786337614059448e-01
-2.507099509239196777e-01
-2.461100369691848755e-01
6.314783543348312378e-02
-2.293755533173680305e-03
-1.209497675299644470e-01
-2.580699622631072998e-01
-1.640259474515914917e-01
-1.719277910888195038e-02
-1.142911389470100403e-01
-2.096335142850875854e-01
-1.577558927237987518e-02
1.284719444811344147e-02
-1.331633031368255615e-01
-3.139398694038391113e-01
-2.293561100959777832e-01
-1.527307331562042236e-01
-3.503105640411376953e-01
2.086458951234817505e-01
7.849093526601791382e-02
-1.597453951835632324e-01
-1.989882737398147583e-01
3.460039570927619934e-02
3.881805762648582458e-02
-1.268833130598068237e-01
1.019425466656684875e-01
9.814870357513427734e-02
-3.895705938339233398e-02
-2.537408769130706787e-01
-1.355539411306381226e-01
-1.796154230833053589e-01
-2.422401458024978638e-01
-4.516526162624359131e-01
-3.124498724937438965e-01
-1.767764799296855927e-02
-2.614939808845520020e-01
-1.567217409610748291e-01
2.116839587688446045e-02
-7.534828037023544312e-02
-1.426205784082412720e-01
-2.787943184375762939e-01
6.175405345857143402e-03
-1.894709318876266479e-01
-2.327388375997543335e-01
-1.297677457332611084e-01
-1.200190410017967224e-01
-1.916695982217788696e-01
-9.871394187211990356e-02
-1.915511041879653931e-01
-1.665861010551452637e-01
-2.729228436946868896e-01
1.286783069372177124e-01
-4.620260894298553467e-01
-2.259320020675659180e-01
-2.270400077104568481e-01
1.939095556735992432e-01
2.302601374685764313e-02
-3.302602171897888184e-01
-3.201581835746765137e-01
-1.292400658130645752e-01
-7.155710458755493164e-02
4.830576013773679733e-03
-2.579347789287567139e-01
-1.156711298972368240e-02
-5.565006285905838013e-02
-1.229245215654373169e-01
-4.803943037986755371e-01
-2.351147234439849854e-01
-1.366975307464599609e-01
-5.778629332780838013e-02
-5.371286347508430481e-02
-2.742761969566345215e-01
-8.268691599369049072e-02
-1.921670138835906982e-01
-3.480900824069976807e-01
-3.584171459078788757e-02
-1.093599796295166016e-01
1.380777731537818909e-02
-1.888095140457153320e-01
-2.591625750064849854e-01
-3.293389976024627686e-01
-8.203675597906112671e-02
-1.839381605386734009e-01
-1.635504066944122314e-01
-3.163153529167175293e-01
-2.460816316306591034e-02
-1.666623353958129883e-01
-1.652846783399581909e-01
-3.075534105300903320e-01
-2.228897064924240112e-01
-1.833950877189636230e-01
-5.361999198794364929e-02
-6.206284090876579285e-02
-1.751646548509597778e-01
-5.242550969123840332e-01
-1.933421790599822998e-01
-1.118592023849487305e-01
-2.282549142837524414e-01
-4.367902874946594238e-02
-1.776944547891616821e-01
-1.300067156553268433e-01
-2.519261240959167480e-01
-4.557503014802932739e-02
-6.305072903633117676e-01
-1.363829374313354492e-01
-2.138367593288421631e-01
4.057471454143524170e-02
-5.286532640457153320e-01
-2.013916671276092529e-01
-1.442293375730514526e-01
-1.929536759853363037e-01
-3.033002614974975586e-01
1.030055955052375793e-01
-1.499187201261520386e-01
-2.296809852123260498e-01
-5.300644636154174805e-01
-2.542743682861328125e-01
-4.171202704310417175e-02
4.285844042897224426e-02
-3.217922747135162354e-01
-1.611351519823074341e-01
-2.561751902103424072e-01
-1.187417805194854736e-01
-1.000781133770942688e-01
2.249059826135635376e-02
9.964407235383987427e-02
-2.138476222753524780e-01
-2.018867880105972290e-01
8.075578510761260986e-02
-1.210135873407125473e-02
-2.363811135292053223e-01
-3.246697187423706055e-01
-1.481930911540985107e-01
-4.846065044403076172e-01
-3.448709547519683838e-01
-1.364694386720657349e-01
-6.663868427276611328e-01
4.180229455232620239e-02
-2.807412445545196533e-01
-9.609049558639526367e-02
-2.378024160861968994e-01
-1.833537220954895020e-01
-1.890280693769454956e-01
-3.766779229044914246e-02
-3.056033253669738770e-01
-1.842716187238693237e-01
-1.356546431779861450e-01
-3.038463890552520752e-01
-2.679611742496490479e-01
-4.143077731132507324e-01
-2.632752954959869385e-01
-1.749544888734817505e-01
-1.855765432119369507e-01
-2.405379265546798706e-01
-1.082376763224601746e-01
-2.250226438045501709e-01
-1.267896294593811035e-01
-1.093500256538391113e-01
5.943777784705162048e-02
-1.418923139572143555e-01
-1.177915930747985840e-01
-1.601566076278686523e-01
-3.284968435764312744e-02
-1.942904479801654816e-02
-1.985395997762680054e-01
4.697523266077041626e-02
-1.886505186557769775e-01
-2.776397168636322021e-01
-9.302037209272384644e-02
-4.092457294464111328e-01
-3.378475606441497803e-01
-7.251790761947631836e-01
2.600711584091186523e-02
-1.829114854335784912e-01
5.612184479832649231e-02
-2.226858437061309814e-01
-2.551368903368711472e-03
-3.217785954475402832e-01
-9.302220307290554047e-03
-2.842844724655151367e-01
-5.121416449546813965e-01
-2.337482571601867676e-01
-8.357068896293640137e-02
-8.178550750017166138e-02
-1.296000331640243530e-01
-2.090363204479217529e-01
1.687937974929809570e-02
-1.898660510778427124e-01
-1.891625225543975830e-01
-3.074897825717926025e-01
-3.108089864253997803e-01
-2.986392378807067871e-01
-4.711735248565673828e-01
-1.823398023843765259e-01
-1.892748922109603882e-01
-3.131445050239562988e-01
-8.760477602481842041e-02
-1.166056022047996521e-01
-2.995145320892333984e-01
-8.310709148645401001e-02
-3.426640629768371582e-01
-7.719304412603378296e-02
-1.459856480360031128e-01
-1.611128598451614380e-01
2.034991979598999023e-02
-6.272524595260620117e-02
-6.099670007824897766e-02
-2.573750317096710205e-01
-1.382550299167633057e-01
4.697063192725181580e-02
-3.019749000668525696e-02
-1.637558639049530029e-01
-3.322885334491729736e-01
-1.741499751806259155e-01
-6.306769251823425293e-01
-7.715091109275817871e-02
-2.123250216245651245e-01
-1.558529734611511230e-01
-4.591121152043342590e-02
-2.415835112333297729e-01
-1.434319186955690384e-02
-2.078573703765869141e-01
