3.212141692638397217e-01
2.123991101980209351e-01
2.660715281963348389e-01
3.594488501548767090e-01
2.784685492515563965e-01
2.581972181797027588e-01
3.107804656028747559e-01
3.096140921115875244e-01
3.348331451416015625e-01
2.992116510868072510e-01
2.545393109321594238e-01
2.457511574029922485e-01
3.132750093936920166e-01
4.158834517002105713e-01
2.997019588947296143e-01
3.069939017295837402e-01
3.135441243648529053e-01
4.417719542980194092e-01
3.742764294147491455e-01
2.570424973964691162e-01
2.942936420440673828e-01
3.078287541866302490e-01
2.738389372825622559e-01
3.948319256305694580e-01
2.928311526775360107e-01
3.572218120098114014e-01
3.435233235359191895e-01
5.379346013069152832e-01
4.243474006652832031e-01
3.907664418220520020e-01
2.744555175304412842e-01
2.797586619853973389e-01
3.217193484306335449e-01
1.955927461385726929e-01
2.751255035400390625e-01
3.187198042869567871e-01
3.506602346897125244e-01
2.750778496265411377e-01
1.919186115264892578e-01
3.307335674762725830e-01
2.850384712219238281e-01
3.037567734718322754e-01
2.179348468780517578e-01
2.651861011981964111e-01
2.944134473800659180e-01
2.137697041034698486e-01
2.184246331453323364e-01
2.947652935981750488e-01
3.262436091899871826e-01
3.758741021156311035e-01
2.557238042354583740e-01
3.796437382698059082e-01
2.949550151824951172e-01
3.385773599147796631e-01
3.242635130882263184e-01
3.070277273654937744e-01
3.330701291561126709e-01
2.301938086748123169e-01
3.035764098167419434e-01
3.376553654670715332e-01
2.922318875789642334e-01
2.204394489526748657e-01
3.267031311988830566e-01
3.197795748710632324e-01
4.023448526859283447e-01
2.986874878406524658e-01
4.860472679138183594e-01
2.854162752628326416e-01
2.716367542743682861e-01
4.341311156749725342e-01
2.834329009056091309e-01
2.295642793178558350e-01
2.507303059101104736e-01
3.119656443595886230e-01
3.672751188278198242e-01
3.244366347789764404e-01
3.380489647388458252e-01
3.272076845169067383e-01
2.867574989795684814e-01
2.876731753349304199e-01
3.209954798221588135e-01
2.332157045602798462e-01
3.378598392009735107e-01
2.766701877117156982e-01
2.941901087760925293e-01
2.672431766986846924e-01
4.401103556156158447e-01
2.908000349998474121e-01
3.770555853843688965e-01
2.788620889186859131e-01
3.056192696094512939e-01
3.275663554668426514e-01
3.871235549449920654e-01
2.453289926052093506e-01
2.558722496032714844e-01
2.782957553863525391e-01
3.167618215084075928e-01
3.409718573093414307e-01
2.318164259195327759e-01
3.576844930648803711e-01
5.036312937736511230e-01
3.556895852088928223e-01
2.475319206714630127e-01
1.852074712514877319e-01
2.273317575454711914e-01
3.601573407649993896e-01
2.918948233127593994e-01
3.928269445896148682e-01
4.423181414604187012e-01
2.052288353443145752e-01
2.524297833442687988e-01
2.188861370086669922e-01
4.113381803035736084e-01
3.610801100730895996e-01
4.284156560897827148e-01
2.333296686410903931e-01
3.504385650157928467e-01
7.001487612724304199e-01
3.753622770309448242e-01
2.874191105365753174e-01
3.702206909656524658e-01
3.173661530017852783e-01
3.639568686485290527e-01
2.888914048671722412e-01
4.154998958110809326e-01
2.479098588228225708e-01
2.898494303226470947e-01
3.739962279796600342e-01
4.925930500030517578e-01
2.808067798614501953e-01
2.387911826372146606e-01
3.472822010517120361e-01
1.868110746145248413e-01
2.836733758449554443e-01
3.089957535266876221e-01
3.614340722560882568e-01
2.797428071498870850e-01
6.870775222778320312e-01
2.854021191596984863e-01
2.936808466911315918e-01
3.128088116645812988e-01
4.862534701824188232e-01
2.192825675010681152e-01
2.871364355087280273e-01
2.554493546485900879e-01
4.175356924533843994e-01
3.044377565383911133e-01
3.229924440383911133e-01
3.342615365982055664e-01
4.947125613689422607e-01
3.923554122447967529e-01
2.263886332511901855e-01
2.657195031642913818e-01
4.192902743816375732e-01
3.483205735683441162e-01
3.551258146762847900e-01
2.876629531383514404e-01
2.559419870376586914e-01
2.458675801753997803e-01
2.774687409400939941e-01
3.841946423053741455e-01
2.949261069297790527e-01
3.509549796581268311e-01
1.926003247499465942e-01
3.101304471492767334e-01
3.416712582111358643e-01
3.930798768997192383e-01
3.917805552482604980e-01
3.238677084445953369e-01
2.850953042507171631e-01
4.582560062408447266e-01
2.668630480766296387e-01
2.663033306598663330e-01
4.433376491069793701e-01
3.221246600151062012e-01
3.654810786247253418e-01
3.335813879966735840e-01
4.393207132816314697e-01
3.969606459140777588e-01
3.726607561111450195e-01
3.523429036140441895e-01
3.585572838783264160e-01
3.286110758781433105e-01
4.181377291679382324e-01
2.955268025398254395e-01
3.049948215484619141e-01
2.987932860851287842e-01
4.320112466812133789e-01
2.308835536241531372e-01
3.826325535774230957e-01
2.270083874464035034e-01
2.228116095066070557e-01
3.205801546573638916e-01
3.273139595985412598e-01
2.627479135990142822e-01
3.087421059608459473e-01
2.920216321945190430e-01
2.328364849090576172e-01
4.143814146518707275e-01
4.074855446815490723e-01
3.264465332031250000e-01
3.583035469055175781e-01
3.014015555381774902e-01
3.150487542152404785e-01
4.438205957412719727e-01
4.042123258113861084e-01
2.027511149644851685e-01
3.854981064796447754e-01
2.569858431816101074e-01
2.360644042491912842e-01
2.342692315578460693e-01
3.312371969223022461e-01
2.303221225738525391e-01
3.744390904903411865e-01
4.727465510368347168e-01
3.600844144821166992e-01
2.754257023334503174e-01
1.987456977367401123e-01
3.027009367942810059e-01
3.426887392997741699e-01
2.994446158409118652e-01
2.533049583435058594e-01
2.638790905475616455e-01
3.459582626819610596e-01
3.847085535526275635e-01
4.368174374103546143e-01
3.785591721534729004e-01
3.122905790805816650e-01
2.591400146484375000e-01
3.978506624698638916e-01
2.576631307601928711e-01
3.130719065666198730e-01
2.933815419673919678e-01
3.026714026927947998e-01
2.942068874835968018e-01
2.265909463167190552e-01
2.805737853050231934e-01
2.976619005203247070e-01
1.858422011137008667e-01
2.788392603397369385e-01
2.504149377346038818e-01
3.948136568069458008e-01
3.496069014072418213e-01
2.429254800081253052e-01
2.155019193887710571e-01
2.683197259902954102e-01
4.099949300289154053e-01
3.495231568813323975e-01
4.242783486843109131e-01
2.627039253711700439e-01
3.328529000282287598e-01
2.848646342754364014e-01
3.924157917499542236e-01
3.727552890777587891e-01
2.655132114887237549e-01
3.337854444980621338e-01
