1.079198494553565979e-01
1.131186857819557190e-01
9.240151941776275635e-02
7.178167998790740967e-02
9.793974459171295166e-02
1.615561544895172119e-01
6.775907427072525024e-02
9.526436775922775269e-02
1.568412035703659058e-01
1.488672494888305664e-01
1.486390084028244019e-01
1.187509596347808838e-01
1.037368550896644592e-01
3.278700411319732666e-01
7.485803216695785522e-02
9.799024462699890137e-02
8.454863727092742920e-02
6.364957243204116821e-02
8.134242147207260132e-02
1.006301119923591614e-01
7.318527996540069580e-02
6.417105346918106079e-02
1.932881176471710205e-01
8.238472789525985718e-02
5.923349037766456604e-02
1.488610059022903442e-01
7.380064576864242554e-02
8.961030840873718262e-02
2.558687925338745117e-01
1.516817659139633179e-01
6.849493831396102905e-02
1.044633015990257263e-01
1.164152398705482483e-01
1.184723824262619019e-01
8.994296193122863770e-02
1.023998111486434937e-01
6.943798810243606567e-02
1.613540351390838623e-01
8.583271503448486328e-02
7.818043977022171021e-02
6.297066062688827515e-02
1.314365863800048828e-01
1.087121888995170593e-01
1.017841845750808716e-01
7.092677801847457886e-02
9.730664640665054321e-02
6.381142139434814453e-02
7.951516658067703247e-02
9.110660851001739502e-02
7.723341137170791626e-02
8.055976033210754395e-02
9.858216345310211182e-02
1.304336041212081909e-01
1.645826101303100586e-01
1.006208360195159912e-01
1.232609972357749939e-01
7.029609382152557373e-02
1.033072248101234436e-01
1.295950561761856079e-01
2.374229133129119873e-01
9.077619761228561401e-02
1.295618563890457153e-01
6.780304014682769775e-02
1.330287903547286987e-01
2.066786438226699829e-01
8.597680926322937012e-02
1.207457631826400757e-01
1.573354154825210571e-01
1.655588150024414062e-01
7.762691378593444824e-02
1.665645837783813477e-01
1.887489855289459229e-01
1.168230846524238586e-01
1.144070476293563843e-01
4.643610119819641113e-02
1.130011752247810364e-01
5.654526501893997192e-02
6.515936553478240967e-02
1.030737757682800293e-01
1.098417639732360840e-01
7.609447091817855835e-02
1.013612002134323120e-01
6.273985654115676880e-02
6.241767108440399170e-02
9.848783165216445923e-02
1.318565160036087036e-01
6.386947631835937500e-02
8.810389041900634766e-02
6.460536271333694458e-02
1.989035159349441528e-01
2.018423676490783691e-01
6.888645887374877930e-02
6.217787787318229675e-02
1.238668262958526611e-01
1.008608490228652954e-01
1.935447156429290771e-01
7.564742118120193481e-02
1.752856224775314331e-01
1.422149389982223511e-01
1.524605005979537964e-01
7.353301346302032471e-02
1.037268638610839844e-01
7.744978368282318115e-02
7.333382219076156616e-02
1.340001821517944336e-01
6.799791753292083740e-02
1.866609156131744385e-01
6.485258787870407104e-02
8.853939920663833618e-02
1.278832107782363892e-01
1.966915428638458252e-01
1.160007119178771973e-01
1.610624790191650391e-01
7.858622074127197266e-02
6.957588344812393188e-02
1.040281057357788086e-01
1.399808377027511597e-01
9.589824080467224121e-02
9.935306757688522339e-02
6.314634531736373901e-02
4.468221589922904968e-02
1.599871963262557983e-01
6.273996084928512573e-02
1.007328107953071594e-01
2.316432148218154907e-01
1.073639243841171265e-01
6.949010491371154785e-02
5.260533094406127930e-02
1.178696379065513611e-01
2.217234224081039429e-01
7.837954163551330566e-02
9.681431204080581665e-02
9.065260738134384155e-02
6.700335443019866943e-02
7.580284029245376587e-02
8.211779594421386719e-02
1.579657346010208130e-01
1.111235246062278748e-01
9.285257756710052490e-02
8.756718039512634277e-02
9.622702747583389282e-02
5.878543481230735779e-02
7.593630254268646240e-02
9.388191998004913330e-02
7.769341766834259033e-02
1.198605000972747803e-01
6.778052449226379395e-02
1.431524455547332764e-01
8.742986619472503662e-02
6.688177585601806641e-02
8.813501149415969849e-02
1.013459861278533936e-01
1.303272545337677002e-01
8.777561038732528687e-02
1.137669607996940613e-01
8.093799650669097900e-02
9.460698068141937256e-02
9.403251856565475464e-02
1.462187618017196655e-01
1.614550948143005371e-01
8.428058773279190063e-02
1.209820359945297241e-01
9.232588112354278564e-02
4.451264068484306335e-02
9.657307714223861694e-02
1.023683547973632812e-01
6.374099850654602051e-02
7.066772133111953735e-02
7.418486475944519043e-02
1.395707428455352783e-01
4.991495981812477112e-02
1.178904324769973755e-01
6.881245225667953491e-02
4.866967722773551941e-02
8.781735599040985107e-02
8.643165975809097290e-02
7.913810759782791138e-02
1.721893697977066040e-01
9.957732260227203369e-02
1.251771897077560425e-01
5.556771159172058105e-02
7.612045854330062866e-02
7.285890728235244751e-02
1.205256655812263489e-01
5.496861040592193604e-02
1.080008819699287415e-01
1.323465108871459961e-01
2.279162257909774780e-01
5.272689461708068848e-02
6.707885116338729858e-02
9.550967812538146973e-02
1.126870065927505493e-01
1.290301978588104248e-01
8.719652146100997925e-02
9.264366328716278076e-02
7.904597371816635132e-02
5.890955403447151184e-02
1.320452839136123657e-01
6.042500957846641541e-02
7.042349129915237427e-02
9.050331264734268188e-02
5.490961298346519470e-02
1.622704714536666870e-01
6.287425011396408081e-02
6.718493998050689697e-02
6.402645260095596313e-02
8.004027605056762695e-02
1.275387108325958252e-01
1.319023966789245605e-01
7.425855100154876709e-02
1.380941569805145264e-01
6.590637564659118652e-02
1.328742653131484985e-01
1.961730420589447021e-01
7.384291291236877441e-02
1.416046470403671265e-01
1.639100909233093262e-01
9.662152081727981567e-02
9.916990995407104492e-02
7.857488840818405151e-02
7.664649188518524170e-02
9.067391604185104370e-02
7.596408575773239136e-02
1.000499874353408813e-01
1.350519359111785889e-01
6.032557785511016846e-02
6.034886091947555542e-02
7.670159637928009033e-02
6.705983728170394897e-02
1.331136524677276611e-01
1.199929714202880859e-01
7.794819027185440063e-02
8.320920169353485107e-02
6.185025721788406372e-02
1.206123307347297668e-01
9.863047301769256592e-02
7.421608269214630127e-02
9.601951390504837036e-02
6.757900863885879517e-02
9.019389003515243530e-02
1.194898784160614014e-01
4.149025678634643555e-02
9.264189004898071289e-02
1.190733015537261963e-01
1.055361256003379822e-01
1.331686824560165405e-01
8.616065233945846558e-02
8.650919795036315918e-02
6.496585160493850708e-02
7.978324592113494873e-02
6.609449535608291626e-02
1.010484844446182251e-01
1.037753149867057800e-01
1.005034223198890686e-01
9.450002759695053101e-02
6.111954525113105774e-02
