-9.154077619314193726e-02
1.889828406274318695e-02
-1.234563514590263367e-01
-6.132652610540390015e-02
-1.002633646130561829e-01
-1.305909901857376099e-01
-1.472666710615158081e-01
-1.078844889998435974e-01
-2.437839657068252563e-01
-1.112508699297904968e-01
1.360863894224166870e-01
-1.476958841085433960e-01
3.874028101563453674e-02
-9.068100899457931519e-02
3.524973243474960327e-02
-1.851413846015930176e-01
-1.318633258342742920e-01
-1.745658516883850098e-01
-8.150757104158401489e-02
-1.003968790173530579e-01
-3.393566012382507324e-01
-1.712014973163604736e-01
-8.069386333227157593e-02
-1.227557957172393799e-01
-2.263477146625518799e-01
-1.503129899501800537e-01
-2.313523888587951660e-01
-2.327322512865066528e-01
-8.538927137851715088e-02
-8.015219122171401978e-02
-7.163272053003311157e-02
-8.390269428491592407e-02
-5.916796252131462097e-02
3.575762361288070679e-02
-3.217609971761703491e-02
-2.196926176548004150e-01
2.686099847778677940e-03
-1.471198499202728271e-01
-2.640414610505104065e-02
-1.885856539011001587e-01
-2.416648417711257935e-01
-1.493785232305526733e-01
-1.904394626617431641e-01
-1.089125499129295349e-01
-2.656849622726440430e-01
-1.362251639366149902e-01
-4.870503768324851990e-02
-1.340402960777282715e-01
-9.295270591974258423e-02
-6.406215019524097443e-03
-1.721371263265609741e-01
-1.475991010665893555e-01
-1.714389622211456299e-01
3.360408172011375427e-02
-1.010908335447311401e-01
-1.761115938425064087e-01
-1.183612942695617676e-01
-4.823631048202514648e-02
-3.259699642658233643e-01
-1.555329561233520508e-01
-1.689655892550945282e-02
-2.372852861881256104e-01
-1.015217080712318420e-01
-1.050982400774955750e-01
-2.738122344017028809e-01
-1.917193681001663208e-01
-5.034587532281875610e-02
-1.098218634724617004e-01
1.484401971101760864e-01
-2.282466590404510498e-01
-6.997344642877578735e-02
-1.426824778318405151e-01
-1.416987031698226929e-01
-3.095991611480712891e-01
-2.042786031961441040e-01
2.686857804656028748e-02
-7.786122709512710571e-02
-8.422429114580154419e-02
-4.644189029932022095e-02
-1.429413259029388428e-01
-3.916988372802734375e-01
2.570849843323230743e-02
-1.778739541769027710e-01
-9.933056682348251343e-02
-5.071090161800384521e-02
-2.221935540437698364e-01
-9.507888555526733398e-02
-8.613526076078414917e-02
-7.427605241537094116e-02
-1.665836721658706665e-01
-2.053797543048858643e-01
-1.781563311815261841e-01
-1.150482892990112305e-01
-2.525167763233184814e-01
-6.941590458154678345e-02
-5.363323912024497986e-02
-4.987537115812301636e-02
-3.110457211732864380e-02
1.212127879261970520e-01
-9.881429374217987061e-02
-1.570448577404022217e-01
-3.092995584011077881e-01
-7.965933531522750854e-02
-9.941560029983520508e-02
-1.774471253156661987e-01
-5.052317306399345398e-02
7.656059414148330688e-02
-4.798578470945358276e-02
-1.277893781661987305e-01
-6.505194306373596191e-02
-1.737161129713058472e-01
3.026596829295158386e-02
-1.333988159894943237e-01
-2.435120493173599243e-01
-7.456213980913162231e-02
-3.647075220942497253e-02
-1.843499392271041870e-01
-8.870690315961837769e-02
-1.924138218164443970e-01
-1.110018342733383179e-01
-1.457884758710861206e-01
-8.951057493686676025e-02
-9.559263288974761963e-02
-2.041980773210525513e-01
-1.338130533695220947e-01
-6.368559598922729492e-02
-6.992568820714950562e-02
-1.656495928764343262e-01
-1.520992368459701538e-01
-1.317112594842910767e-01
-8.257174491882324219e-02
-2.470426410436630249e-01
-1.174281239509582520e-01
-1.474755853414535522e-01
-8.403058350086212158e-02
-6.813730299472808838e-02
-1.789428740739822388e-01
2.884017862379550934e-02
-3.617285564541816711e-02
-3.005225062370300293e-01
-1.441073417663574219e-01
-8.124745637178421021e-02
-4.917308315634727478e-02
-6.567960232496261597e-02
-1.248734071850776672e-01
-1.104240491986274719e-01
1.873390190303325653e-02
-1.351302862167358398e-01
-1.944338977336883545e-01
-9.087272733449935913e-02
2.066989988088607788e-01
-1.081189960241317749e-01
-2.498681992292404175e-01
-9.991913288831710815e-02
5.071143805980682373e-02
-1.899014562368392944e-01
-3.694466874003410339e-02
-1.432443708181381226e-01
1.278726458549499512e-01
-1.781749278306961060e-01
-1.172329783439636230e-01
-9.902884252369403839e-03
7.847692072391510010e-02
-6.808802485466003418e-02
-3.649182990193367004e-02
-1.595618426799774170e-01
-1.605856418609619141e-01
-9.223525971174240112e-02
-1.773495674133300781e-01
-1.788069009780883789e-01
3.062667883932590485e-02
-1.100600585341453552e-01
-1.354692578315734863e-01
-2.244023680686950684e-01
-8.599211275577545166e-02
-1.232410520315170288e-01
-9.266146272420883179e-02
-1.666166782379150391e-01
-1.393408179283142090e-01
-8.981177210807800293e-02
-6.138115748763084412e-02
-1.739922761917114258e-01
-2.502775490283966064e-01
-5.925311520695686340e-02
-1.271837949752807617e-01
-1.422008275985717773e-01
-7.425119727849960327e-02
-2.207623571157455444e-01
-2.206823825836181641e-01
-2.742049098014831543e-01
-1.301611959934234619e-01
-9.164139628410339355e-02
-1.696425974369049072e-01
-2.480699717998504639e-01
-1.523742973804473877e-01
4.103120416402816772e-02
-1.076829582452774048e-01
4.080063104629516602e-02
-1.915157884359359741e-01
-6.965305656194686890e-02
-1.049218103289604187e-01
-1.104582007974386215e-02
-3.256800174713134766e-01
-1.336341500282287598e-01
-1.021067127585411072e-01
1.281890459358692169e-02
-2.716891169548034668e-01
-1.245460212230682373e-01
2.878336608409881592e-02
-1.025358960032463074e-01
-2.405122965574264526e-01
-1.475837230682373047e-01
1.008271276950836182e-01
-2.198690362274646759e-02
-9.826721251010894775e-02
-4.416956007480621338e-01
-7.740282267332077026e-02
-3.206619918346405029e-01
-2.724986523389816284e-02
-7.261278480291366577e-02
-6.076328828930854797e-02
-4.300105199217796326e-02
-8.717418462038040161e-02
-1.280300468206405640e-01
-1.608447134494781494e-01
-1.529235094785690308e-01
-1.745020002126693726e-01
-1.701763123273849487e-01
-4.859402403235435486e-02
-1.458768844604492188e-01
-5.522029846906661987e-02
-8.078603446483612061e-02
-2.636990696191787720e-02
-9.516902267932891846e-02
-1.125553175806999207e-01
-4.516898468136787415e-02
-8.366148173809051514e-02
-3.306998312473297119e-02
1.268272008746862411e-02
-8.646631240844726562e-02
-1.446310281753540039e-01
-7.316735386848449707e-02
-2.159943580627441406e-01
-9.524213522672653198e-02
-1.296843141317367554e-01
-2.007680386304855347e-01
-2.134689539670944214e-01
-2.204369902610778809e-01
-2.380957007408142090e-01
-1.786923706531524658e-01
-1.385720968246459961e-01
-1.900889426469802856e-01
-9.809552878141403198e-02
-8.501466363668441772e-02
-7.610251009464263916e-02
-5.864525586366653442e-02
