-8.231193572282791138e-02
-3.322668746113777161e-02
-2.664581313729286194e-02
-1.321686804294586182e-02
-6.382834166288375854e-02
-1.046922504901885986e-01
-6.709355860948562622e-02
-5.303942039608955383e-02
6.232714653015136719e-02
-1.105976116377860308e-04
-1.298436615616083145e-02
1.778369955718517303e-02
-4.928363114595413208e-02
-6.532676517963409424e-02
-9.847363829612731934e-02
2.112474292516708374e-01
-9.219336509704589844e-02
-1.139361038804054260e-01
-1.878778934478759766e-01
-8.216720074415206909e-02
-5.852074176073074341e-02
-5.599368214607238770e-01
-5.119672045111656189e-02
-1.986681222915649414e-01
-7.148086279630661011e-02
-6.646541506052017212e-02
-1.683745831251144409e-01
-1.031213477253913879e-01
1.054468452930450439e-01
-2.306132167577743530e-01
-3.393309563398361206e-02
-8.067573606967926025e-02
-3.466186113655567169e-03
4.716963320970535278e-02
-7.884054630994796753e-02
-1.265027076005935669e-01
-6.149713695049285889e-02
6.430895626544952393e-02
2.783004380762577057e-02
3.132558427751064301e-03
-7.674028724431991577e-02
-9.508808702230453491e-02
1.382940681651234627e-04
-4.718636721372604370e-02
-3.089740313589572906e-02
-4.643496870994567871e-02
-6.325275450944900513e-02
-8.140195906162261963e-02
-7.053055614233016968e-02
-6.709688156843185425e-02
-7.923213392496109009e-02
-1.777839660644531250e-01
5.510756745934486389e-02
4.110835790634155273e-01
1.560859382152557373e-03
-7.988379895687103271e-02
-6.919512152671813965e-02
-4.981178045272827148e-02
3.836116055026650429e-03
2.520183334127068520e-03
3.564507141709327698e-02
-2.575730718672275543e-02
-1.224875226616859436e-01
-4.637633264064788818e-02
-1.216268241405487061e-01
-6.427328288555145264e-02
-1.383394747972488403e-01
-2.320041880011558533e-02
-1.808067411184310913e-02
-1.470259130001068115e-01
4.880911484360694885e-02
-5.571449920535087585e-02
-3.479650616645812988e-02
-5.656098201870918274e-02
-6.510446220636367798e-02
-1.047469899058341980e-01
-5.262418091297149658e-02
-1.850863993167877197e-01
-1.060386449098587036e-01
2.653760462999343872e-02
7.172294706106185913e-02
-1.996736973524093628e-02
-1.122557148337364197e-01
-2.005713582038879395e-01
-1.031723991036415100e-01
4.091434646397829056e-03
-2.241972535848617554e-01
-1.272675246000289917e-01
-8.872128278017044067e-02
1.082018166780471802e-01
-5.886568129062652588e-02
-8.343490958213806152e-02
-1.045996770262718201e-01
2.302243933081626892e-02
-8.848948031663894653e-02
3.354802727699279785e-02
-1.107253730297088623e-01
-9.239181876182556152e-03
-4.597905278205871582e-02
-1.369954943656921387e-01
-2.021956741809844971e-01
4.626464471220970154e-02
-1.966735348105430603e-02
-1.191334426403045654e-02
-6.004950404167175293e-02
-7.505899667739868164e-02
-7.269005477428436279e-02
-9.107261151075363159e-02
-9.205598384141921997e-02
-5.801878497004508972e-02
-3.635476902127265930e-02
-4.471848532557487488e-02
-1.709127575159072876e-01
-1.367986351251602173e-01
-1.476142704486846924e-01
-1.475904136896133423e-01
-1.123434230685234070e-01
-2.308013290166854858e-01
-9.060053527355194092e-02
-2.593075037002563477e-01
-2.082545161247253418e-01
-6.340071558952331543e-02
-2.680059373378753662e-01
-1.612281799316406250e-01
-1.002564728260040283e-01
-1.318302154541015625e-01
-9.043370187282562256e-02
-9.667526930570602417e-02
-1.972840428352355957e-01
5.354423075914382935e-02
-2.783645130693912506e-02
-7.443495839834213257e-02
-5.626656487584114075e-02
-5.911374837160110474e-02
-2.409449033439159393e-02
-1.510393619537353516e-01
2.180562587454915047e-03
-1.888634562492370605e-01
-1.288628131151199341e-01
-1.960689760744571686e-02
-7.280265539884567261e-02
-1.839999407529830933e-01
-6.092636287212371826e-02
-2.004625275731086731e-02
-4.031461775302886963e-01
-7.335510104894638062e-02
-9.597299247980117798e-02
-8.646579831838607788e-02
-6.830249726772308350e-02
-1.689544767141342163e-01
-9.870029240846633911e-02
1.238536369055509567e-02
-4.429778084158897400e-02
-1.937341392040252686e-01
-1.328670233488082886e-01
-1.206916421651840210e-01
-1.423360854387283325e-01
1.047601476311683655e-01
-8.536463230848312378e-02
6.384653598070144653e-02
-5.778243765234947205e-02
-8.652261644601821899e-02
3.359576314687728882e-02
-3.876819610595703125e-01
-5.741408839821815491e-02
-7.530090957880020142e-02
-2.071859538555145264e-01
-1.826549172401428223e-01
-1.237856000661849976e-01
-2.205884456634521484e-01
-1.645402461290359497e-01
-2.933535911142826080e-02
-1.309255361557006836e-01
-1.584998071193695068e-01
-4.388112202286720276e-02
-1.386880427598953247e-01
-6.165116652846336365e-02
-1.978119462728500366e-02
-1.220390647649765015e-01
-7.633178681135177612e-02
-3.561701178550720215e-01
3.412736654281616211e-01
-6.583411991596221924e-02
-1.263677030801773071e-01
-1.754338592290878296e-01
4.165839403867721558e-02
-3.616125881671905518e-02
-1.289324909448623657e-01
-2.704024910926818848e-01
-2.140513360500335693e-01
1.938340254127979279e-02
1.312808226794004440e-02
-9.499632753431797028e-03
-6.026336550712585449e-02
-3.416451066732406616e-02
-7.991340011358261108e-02
-3.171629011631011963e-01
-3.409679979085922241e-02
-1.697425395250320435e-01
-1.220808178186416626e-01
-3.092839717864990234e-01
-1.225293427705764771e-01
-2.829675562679767609e-02
-1.518129855394363403e-01
-9.325666725635528564e-02
-2.834481298923492432e-01
-3.030102234333753586e-03
-3.589378669857978821e-02
3.010831307619810104e-03
-4.601924866437911987e-02
-8.546368032693862915e-02
-3.816459700465202332e-02
-1.735218800604343414e-02
-8.258599787950515747e-02
-1.509247869253158569e-01
-1.768844127655029297e-01
-1.500719487667083740e-01
1.533955801278352737e-03
-8.766920864582061768e-02
-3.326096013188362122e-02
-2.544966936111450195e-01
-1.297991070896387100e-02
-4.688128829002380371e-02
-8.838138729333877563e-02
-8.985717594623565674e-02
-1.911405324935913086e-01
-1.313008964061737061e-01
-3.500247001647949219e-02
-1.149255782365798950e-01
-1.888807415962219238e-01
-4.091113805770874023e-02
-3.819046616554260254e-01
-8.970627188682556152e-02
-1.701979041099548340e-01
-1.545733064413070679e-01
3.068501316010951996e-02
-4.094091057777404785e-02
-3.698274865746498108e-02
-6.905324757099151611e-02
-4.202857241034507751e-02
5.351166427135467529e-02
-1.311760246753692627e-01
-1.199416592717170715e-01
-5.778276175260543823e-02
-5.463694036006927490e-02
-1.233503594994544983e-01
-1.161907911300659180e-01
-1.232289597392082214e-01
-2.520736753940582275e-01
-4.100260511040687561e-02
-1.056365966796875000e-01
-5.218322947621345520e-02
-2.414684295654296875e-01
-9.469609707593917847e-02
-1.563768237829208374e-01
-1.229823455214500427e-01
