2.508640885353088379e-01
2.989321649074554443e-01
2.810108661651611328e-01
2.615635395050048828e-01
3.038027584552764893e-01
3.613691627979278564e-01
1.748983860015869141e-01
2.614641785621643066e-01
2.315461933612823486e-01
2.593255639076232910e-01
3.199285566806793213e-01
2.039016336202621460e-01
3.937034308910369873e-01
2.818658351898193359e-01
6.927744746208190918e-01
1.669080704450607300e-01
1.971412599086761475e-01
2.347117662429809570e-01
1.798144280910491943e-01
2.584084868431091309e-01
2.045098692178726196e-01
2.246709913015365601e-01
2.575099766254425049e-01
1.896127909421920776e-01
2.243389785289764404e-01
3.290130794048309326e-01
2.262366563081741333e-01
1.628545522689819336e-01
1.749865263700485229e-01
2.161832153797149658e-01
2.685858309268951416e-01
1.989796608686447144e-01
3.027734458446502686e-01
2.473994344472885132e-01
6.300178766250610352e-01
2.746917605400085449e-01
2.340323477983474731e-01
2.183954864740371704e-01
3.475717306137084961e-01
1.965952217578887939e-01
1.738692373037338257e-01
2.010522782802581787e-01
1.882240772247314453e-01
1.916619837284088135e-01
2.348734289407730103e-01
1.795955300331115723e-01
2.017682492733001709e-01
1.950022727251052856e-01
2.186016440391540527e-01
2.595255970954895020e-01
1.522053629159927368e-01
2.088309079408645630e-01
1.380493044853210449e-01
5.258283615112304688e-01
1.658936589956283569e-01
3.283208310604095459e-01
1.930834800004959106e-01
2.347051352262496948e-01
1.448761671781539917e-01
2.613468766212463379e-01
2.720016241073608398e-01
1.854857355356216431e-01
2.468705773353576660e-01
2.337047904729843140e-01
2.524731457233428955e-01
1.486846953630447388e-01
1.740422844886779785e-01
2.100879848003387451e-01
3.506576120853424072e-01
1.668169051408767700e-01
2.851166725158691406e-01
1.874308139085769653e-01
1.724938005208969116e-01
2.619129121303558350e-01
1.902668625116348267e-01
2.774142026901245117e-01
1.874825656414031982e-01
2.584475278854370117e-01
1.634645164012908936e-01
2.692579329013824463e-01
1.709190607070922852e-01
7.093114852905273438e-01
2.264380902051925659e-01
2.438835203647613525e-01
2.717088460922241211e-01
2.019697576761245728e-01
2.420273870229721069e-01
1.978786736726760864e-01
3.248861730098724365e-01
2.324967235326766968e-01
2.174359411001205444e-01
2.399785369634628296e-01
2.200815677642822266e-01
1.914062649011611938e-01
2.311400622129440308e-01
4.723092615604400635e-01
2.748618125915527344e-01
2.032803446054458618e-01
4.372625946998596191e-01
2.124253660440444946e-01
1.955776959657669067e-01
1.570257395505905151e-01
2.496782690286636353e-01
2.723177373409271240e-01
1.928293853998184204e-01
2.725543379783630371e-01
1.941601783037185669e-01
2.861509323120117188e-01
2.730759382247924805e-01
2.348040193319320679e-01
3.258996307849884033e-01
3.079403936862945557e-01
2.798865139484405518e-01
1.865183264017105103e-01
2.415775209665298462e-01
2.261622697114944458e-01
3.501724302768707275e-01
2.169200628995895386e-01
2.370948940515518188e-01
1.749605685472488403e-01
2.822272777557373047e-01
1.983007043600082397e-01
3.979046046733856201e-01
2.379780411720275879e-01
1.797687560319900513e-01
2.660894989967346191e-01
1.639739871025085449e-01
4.260101616382598877e-01
2.031983584165573120e-01
1.763509511947631836e-01
1.802475750446319580e-01
2.821404635906219482e-01
4.783005416393280029e-01
1.895280182361602783e-01
3.360667824745178223e-01
2.008913904428482056e-01
1.541111916303634644e-01
2.021020054817199707e-01
2.365163266658782959e-01
3.529817461967468262e-01
1.833154261112213135e-01
6.130938529968261719e-01
1.839679926633834839e-01
2.771815955638885498e-01
2.734622657299041748e-01
1.799230426549911499e-01
4.005128443241119385e-01
2.143981158733367920e-01
2.677356004714965820e-01
2.665030658245086670e-01
4.212945103645324707e-01
2.373060137033462524e-01
2.407696247100830078e-01
2.575161755084991455e-01
3.892616927623748779e-01
1.722829788923263550e-01
3.173488676548004150e-01
2.013655751943588257e-01
5.098327994346618652e-01
2.253949493169784546e-01
2.102681696414947510e-01
3.155472874641418457e-01
3.065139353275299072e-01
1.814157068729400635e-01
2.511509656906127930e-01
1.665447205305099487e-01
2.078323662281036377e-01
2.352277040481567383e-01
2.160518467426300049e-01
1.673899590969085693e-01
4.302283227443695068e-01
3.045164942741394043e-01
3.518156111240386963e-01
1.620066910982131958e-01
2.234136760234832764e-01
2.028069198131561279e-01
1.523312777280807495e-01
3.314989507198333740e-01
2.086305022239685059e-01
3.005351126194000244e-01
2.760018706321716309e-01
1.987559050321578979e-01
1.683495640754699707e-01
2.111003249883651733e-01
3.076967298984527588e-01
2.802589237689971924e-01
3.044774532318115234e-01
1.772779673337936401e-01
1.796992272138595581e-01
1.470330208539962769e-01
2.121986299753189087e-01
2.147085815668106079e-01
1.688337326049804688e-01
1.912502348423004150e-01
2.066557854413986206e-01
2.443580776453018188e-01
2.609193623065948486e-01
2.750386297702789307e-01
2.596681714057922363e-01
2.372924387454986572e-01
2.216252386569976807e-01
3.981298506259918213e-01
7.746242284774780273e-01
2.014754563570022583e-01
1.733607351779937744e-01
3.636904060840606689e-01
1.748246550559997559e-01
2.495468407869338989e-01
2.457238435745239258e-01
1.558972448110580444e-01
2.740974724292755127e-01
3.765266537666320801e-01
2.766869962215423584e-01
2.840719819068908691e-01
2.552992701530456543e-01
1.581744253635406494e-01
3.328250944614410400e-01
1.995716989040374756e-01
2.284029275178909302e-01
2.720238268375396729e-01
2.519500553607940674e-01
2.723853588104248047e-01
1.930602192878723145e-01
2.924282550811767578e-01
2.629376351833343506e-01
3.759613335132598877e-01
2.205950915813446045e-01
2.616107761859893799e-01
1.907307952642440796e-01
2.820841968059539795e-01
2.752369344234466553e-01
2.303358614444732666e-01
2.729635834693908691e-01
2.339616417884826660e-01
2.234582751989364624e-01
1.466009467840194702e-01
2.868863344192504883e-01
2.762688398361206055e-01
2.823030948638916016e-01
1.842865347862243652e-01
1.804435849189758301e-01
2.244282811880111694e-01
1.840366125106811523e-01
1.446499526500701904e-01
2.126319259405136108e-01
1.792117208242416382e-01
2.546276152133941650e-01
1.661175489425659180e-01
1.881181597709655762e-01
1.667386889457702637e-01
2.370997965335845947e-01
2.522995173931121826e-01
2.260002493858337402e-01
2.727569043636322021e-01
2.028117030858993530e-01
4.802022278308868408e-01
