-1.332143992185592651e-01
-6.444424390792846680e-02
-3.238752484321594238e-01
-2.390393465757369995e-01
-3.262202143669128418e-01
-1.795594096183776855e-01
-2.086592018604278564e-01
-3.208359777927398682e-01
-1.874420642852783203e-01
-2.988047301769256592e-01
-2.099367231130599976e-01
-2.282882332801818848e-01
-2.140780836343765259e-01
-2.459660470485687256e-01
-2.767961919307708740e-01
-1.350780427455902100e-01
-2.498329430818557739e-01
-2.392901033163070679e-01
-1.223237812519073486e-01
-4.590286314487457275e-01
-2.172100245952606201e-01
-1.219660043716430664e-01
-2.101336866617202759e-01
-1.779118776321411133e-01
-2.426186650991439819e-01
-1.546218842267990112e-01
-1.549245715141296387e-01
-3.716260790824890137e-01
-2.816716134548187256e-01
-3.886089622974395752e-01
-1.544901281595230103e-01
-6.867738813161849976e-02
-3.412005901336669922e-01
-2.260822802782058716e-01
-1.961291432380676270e-01
-2.242383211851119995e-01
-2.983869314193725586e-01
-1.380978226661682129e-01
-2.251151353120803833e-01
-1.657517999410629272e-01
-4.533743560314178467e-01
-3.225731551647186279e-01
-9.773553907871246338e-02
-1.348669975996017456e-01
-2.619473934173583984e-01
-1.428082287311553955e-01
-3.960496783256530762e-01
-1.633445024490356445e-01
-2.100915163755416870e-01
-1.160925254225730896e-01
-1.448193490505218506e-01
-5.501542091369628906e-01
-2.178747951984405518e-01
-1.245792955160140991e-01
5.022114515304565430e-02
-1.902176737785339355e-01
-1.046522855758666992e-01
-9.997183084487915039e-02
-1.410649716854095459e-01
-3.124442398548126221e-01
-2.190409004688262939e-01
-3.061644136905670166e-01
-1.246712952852249146e-01
-1.556630730628967285e-01
-2.973213195800781250e-01
-3.824609518051147461e-01
-1.951004266738891602e-01
-1.380917131900787354e-01
-5.760516524314880371e-01
-3.879444599151611328e-01
-2.807534635066986084e-01
-2.541980743408203125e-01
-3.470194339752197266e-01
-2.460198104381561279e-01
-1.090533807873725891e-01
-5.616825073957443237e-02
-1.832842677831649780e-01
-4.956303536891937256e-01
-3.059022128582000732e-01
-9.878157079219818115e-02
-2.254555970430374146e-01
-1.958243101835250854e-01
-1.320070028305053711e-01
-1.737876981496810913e-01
-2.287282198667526245e-01
-1.925578415393829346e-01
-9.240380674600601196e-02
-3.426824212074279785e-01
-5.489224791526794434e-01
-2.430808842182159424e-01
-1.935126036405563354e-01
-1.641416996717453003e-01
-2.502906024456024170e-01
-3.273551464080810547e-01
-4.007759988307952881e-01
-2.823619544506072998e-01
-2.693824172019958496e-01
-1.938800960779190063e-01
-2.412717789411544800e-01
-3.090483322739601135e-02
-8.801487088203430176e-02
-3.421305119991302490e-01
-3.104486763477325439e-01
-1.101569980382919312e-01
-1.539487540721893311e-01
-1.233247444033622742e-01
-1.780329048633575439e-01
-2.715055048465728760e-01
-2.004604190587997437e-01
-1.845820695161819458e-01
-2.842873334884643555e-01
-1.116848662495613098e-01
-1.816326528787612915e-01
-2.119104266166687012e-01
-3.304388821125030518e-01
-2.266706675291061401e-01
-1.413224339485168457e-01
-3.376374244689941406e-01
-2.674277424812316895e-01
-2.524072527885437012e-01
-2.553795874118804932e-01
-4.735168814659118652e-01
-2.341942638158798218e-01
-2.130380272865295410e-01
-3.281679749488830566e-01
-1.966134756803512573e-01
-1.063211262226104736e-01
-2.614626586437225342e-01
-4.233711659908294678e-01
-1.374162733554840088e-01
-8.106219768524169922e-02
-3.069434762001037598e-01
-1.538172960281372070e-01
-1.452945768833160400e-01
-1.612281352281570435e-01
-1.630689650774002075e-01
-3.758501708507537842e-01
-2.608153820037841797e-01
-2.382497936487197876e-01
-2.499106824398040771e-01
-1.484689563512802124e-01
-1.487256139516830444e-01
-4.328191578388214111e-01
-1.376583576202392578e-01
-2.781007587909698486e-01
-2.259462624788284302e-01
-2.072032839059829712e-01
-4.165029227733612061e-01
-3.582112491130828857e-01
-1.382244676351547241e-01
-3.598328828811645508e-01
-2.672208845615386963e-01
-2.089817672967910767e-01
-1.771523617208003998e-02
-1.279060393571853638e-01
-2.812100052833557129e-01
-3.620773851871490479e-01
4.760159924626350403e-02
-2.232317179441452026e-01
-1.271531581878662109e-01
-3.237139880657196045e-01
-3.008426725864410400e-01
-1.118964552879333496e-01
-8.394568413496017456e-02
-2.426350265741348267e-01
-2.000085860490798950e-01
-1.872909516096115112e-01
-4.684922993183135986e-01
-1.999758630990982056e-01
-3.462226390838623047e-01
-7.055953145027160645e-02
-1.973467320203781128e-01
-3.547947406768798828e-01
-1.974912732839584351e-01
-3.537409603595733643e-01
-3.546277880668640137e-01
-1.432809084653854370e-01
-2.052247077226638794e-01
-2.721552252769470215e-01
-1.527561396360397339e-01
-2.797671854496002197e-01
-1.945078670978546143e-01
-2.474171519279479980e-01
-4.910159409046173096e-01
1.322073489427566528e-01
-2.378337234258651733e-01
-5.165593028068542480e-01
-3.959064781665802002e-01
-2.353765368461608887e-01
-1.266168653964996338e-01
-8.098544925451278687e-02
-4.132084846496582031e-01
-5.575665831565856934e-01
-2.237870246171951294e-01
-1.563496142625808716e-01
-3.950363993644714355e-01
-3.283366262912750244e-01
-8.462941646575927734e-02
-3.103104829788208008e-01
-3.129711747169494629e-01
-1.497759371995925903e-01
-1.396440267562866211e-01
-9.723423421382904053e-02
-1.619565039873123169e-01
-1.631416380405426025e-01
-6.364061236381530762e-01
-1.350297778844833374e-01
-2.345090061426162720e-01
-1.048528552055358887e-01
-1.624988764524459839e-01
-2.877954244613647461e-01
-2.450240701436996460e-01
-1.468496173620223999e-01
-2.034732103347778320e-01
-5.357710719108581543e-01
-1.682957112789154053e-01
-5.523959398269653320e-01
-2.511348128318786621e-01
-1.229835674166679382e-01
-2.304778397083282471e-01
-1.925141364336013794e-01
-3.759492039680480957e-01
-1.014413908123970032e-01
-1.696628034114837646e-01
-4.002493321895599365e-01
-2.979842126369476318e-01
-3.034601509571075439e-01
-1.562811434268951416e-01
-4.659620821475982666e-01
-1.155371814966201782e-01
-1.664855629205703735e-01
-3.382008671760559082e-01
-2.935335934162139893e-01
-3.121569454669952393e-01
-3.014926314353942871e-01
-3.260605037212371826e-01
-2.541990578174591064e-01
-2.037150412797927856e-01
-9.547689557075500488e-02
-2.069621831178665161e-01
-4.370456039905548096e-01
-2.050599604845046997e-01
-4.204649925231933594e-01
-3.124564886093139648e-01
-4.845345318317413330e-01
-3.527652323246002197e-01
-2.624125182628631592e-01
-2.894209623336791992e-01
-3.976090550422668457e-01
-2.106595486402511597e-01
-1.790506243705749512e-01
-1.075285002589225769e-01
-1.212961971759796143e-01
-3.021648526191711426e-01
5.157862603664398193e-02
-1.927537173032760620e-01
