-1.897765249013900757e-01
-4.821861684322357178e-01
-8.804852142930030823e-03
6.411094684153795242e-03
-3.400825560092926025e-01
-1.041360497474670410e-01
-1.626242399215698242e-01
-2.258534580469131470e-01
-1.119473427534103394e-01
-3.254087269306182861e-01
-2.543623559176921844e-02
-2.351208478212356567e-01
-7.902266830205917358e-02
-3.305886685848236084e-01
-9.557895362377166748e-02
-4.151220247149467468e-02
-3.207122981548309326e-01
-3.675068030133843422e-03
-1.829782426357269287e-01
-1.295284181833267212e-01
-2.069375514984130859e-01
-2.631777524948120117e-01
-1.351479738950729370e-01
-1.295471638441085815e-01
-2.527281045913696289e-01
-1.040033996105194092e-02
-8.751983940601348877e-02
-3.375136554241180420e-01
-5.001226663589477539e-01
-1.198822557926177979e-01
-1.989024132490158081e-01
-2.963752150535583496e-01
-1.923661977052688599e-01
-2.904215157032012939e-01
-9.083938784897327423e-03
-1.036458835005760193e-02
7.376565784215927124e-02
-1.760336309671401978e-01
4.421234875917434692e-02
-2.231737524271011353e-01
3.758250921964645386e-02
-1.234723851084709167e-01
-6.477268878370523453e-03
-2.524145543575286865e-01
-1.203902810811996460e-02
5.547805130481719971e-02
1.532775014638900757e-01
-1.420601457357406616e-01
-1.160117611289024353e-01
-8.930589258670806885e-02
-1.546900421380996704e-01
-1.614655703306198120e-01
2.077192626893520355e-02
-3.496431708335876465e-01
-1.477414965629577637e-01
-6.154634356498718262e-01
-1.364235877990722656e-01
-4.054991900920867920e-02
-3.246422111988067627e-01
-1.697170436382293701e-01
1.693919003009796143e-01
-6.622210890054702759e-02
-2.076213359832763672e-01
-3.969418704509735107e-01
-2.935882210731506348e-01
1.079616472125053406e-01
-2.797726094722747803e-01
-8.588555455207824707e-02
-7.128532975912094116e-02
-3.519937992095947266e-01
-6.416860967874526978e-02
-1.993259936571121216e-01
2.017079479992389679e-02
-3.807568550109863281e-01
-8.325071632862091064e-02
-1.321351975202560425e-01
-3.008518517017364502e-01
-1.799907088279724121e-01
8.241937309503555298e-02
-5.320832133293151855e-02
1.538096964359283447e-01
1.777485311031341553e-01
1.836695373058319092e-01
-1.971907317638397217e-01
-8.270642720162868500e-03
-2.134530991315841675e-01
-3.881440162658691406e-01
-1.685750633478164673e-01
-1.148891970515251160e-01
2.055045068264007568e-01
-2.053912580013275146e-01
-1.344990730285644531e-01
-1.579102724790573120e-01
-1.801251173019409180e-01
-2.132604271173477173e-01
-2.940337657928466797e-01
-2.087404131889343262e-01
-4.194537922739982605e-02
-2.157603055238723755e-01
-4.528703168034553528e-02
-2.935055494308471680e-01
-1.574088186025619507e-01
3.104733675718307495e-02
1.539205852895975113e-02
-1.013182178139686584e-01
4.011148586869239807e-02
-4.071185588836669922e-01
-2.852284610271453857e-01
-2.953563928604125977e-01
-2.260549217462539673e-01
-1.082724407315254211e-01
1.358664184808731079e-01
-6.189577579498291016e-01
-1.957082152366638184e-01
-2.017679512500762939e-01
-1.810723543167114258e-02
-3.156975805759429932e-01
-9.736569970846176147e-02
-2.187783420085906982e-01
1.046945527195930481e-02
-6.863781809806823730e-02
-2.936573326587677002e-01
-3.168232738971710205e-01
-1.745342761278152466e-01
2.862972952425479889e-02
-1.721399128437042236e-01
-2.043016850948333740e-01
-2.114212661981582642e-01
-2.031935751438140869e-01
-2.169861942529678345e-01
4.594412446022033691e-02
2.110361307859420776e-01
-1.008916348218917847e-01
-5.603676289319992065e-02
1.500992327928543091e-01
-1.712985783815383911e-01
1.711759716272354126e-02
-2.029132694005966187e-01
-2.174801528453826904e-01
8.363316953182220459e-02
-2.147256210446357727e-02
-3.423479795455932617e-01
-1.449809372425079346e-01
1.632310450077056885e-01
-1.679446399211883545e-01
-1.672245711088180542e-01
-1.634460836648941040e-01
-3.611137568950653076e-01
-6.637764722108840942e-02
-3.014591038227081299e-01
-1.191775500774383545e-01
1.923825778067111969e-02
-1.419822126626968384e-01
-2.852275967597961426e-01
-3.038825988769531250e-01
-8.970618993043899536e-02
-6.588680297136306763e-02
-2.400161698460578918e-02
-2.212102264165878296e-01
3.059886209666728973e-02
-8.323700167238712311e-03
-3.772504031658172607e-01
-2.583543062210083008e-01
2.954477211460471153e-03
-9.813850373029708862e-02
-2.602269351482391357e-01
-1.211532354354858398e-01
-2.093685269355773926e-01
-1.398020684719085693e-01
-1.794877648353576660e-01
-1.467435508966445923e-01
1.021509338170289993e-02
-1.396062076091766357e-01
-2.731505334377288818e-01
-1.426770687103271484e-01
-1.135885939002037048e-01
-1.668379306793212891e-01
-3.346154093742370605e-01
-3.107698559761047363e-01
-4.688008129596710205e-02
-7.330486923456192017e-02
-3.827694654464721680e-01
-1.082439944148063660e-01
-8.538749068975448608e-02
-1.564308404922485352e-01
-1.707146465778350830e-01
-1.395996809005737305e-01
3.727753832936286926e-02
2.787052094936370850e-01
-2.414655089378356934e-01
-1.195936277508735657e-01
-1.453178375959396362e-01
-2.642134726047515869e-01
-1.012066230177879333e-01
4.701172187924385071e-02
-1.132615581154823303e-01
1.593134105205535889e-01
-5.664130300283432007e-02
-1.867904216051101685e-01
-2.361829131841659546e-01
9.219150990247726440e-02
1.657133549451828003e-01
1.560387611389160156e-01
-1.998377442359924316e-01
-1.938518285751342773e-01
1.154128834605216980e-01
5.368246138095855713e-02
-2.192260324954986572e-01
-9.967574477195739746e-02
-2.331592291593551636e-01
-1.497587114572525024e-01
3.165537863969802856e-02
7.930517196655273438e-02
-2.176885902881622314e-01
-2.653664648532867432e-01
-2.277933508157730103e-01
-4.187313467264175415e-02
1.420620921999216080e-02
-2.111419886350631714e-01
-2.237021178007125854e-02
9.529719501733779907e-02
-1.628167182207107544e-01
9.812885522842407227e-02
-1.220337077975273132e-01
-3.596858680248260498e-02
-3.884229362010955811e-01
1.147125214338302612e-01
6.866865791380405426e-03
-2.821265459060668945e-01
-6.059821844100952148e-01
-2.243296355009078979e-01
1.771235279738903046e-02
-7.364580780267715454e-02
-1.372018903493881226e-01
-4.363533109426498413e-02
1.615790128707885742e-01
-1.906470060348510742e-01
-2.774394750595092773e-01
1.135845035314559937e-01
1.891171932220458984e-01
6.100837886333465576e-02
1.607985049486160278e-02
-1.045565232634544373e-01
-8.297722041606903076e-02
7.892385125160217285e-03
-9.632663428783416748e-02
-1.956150382757186890e-01
-1.445474624633789062e-01
-1.591366231441497803e-01
6.116056814789772034e-02
-2.551786303520202637e-01
8.187068626284599304e-03
1.979821473360061646e-01
-2.280347347259521484e-01
-1.163283064961433411e-01
-1.643696725368499756e-01
