2.020927667617797852e-01
2.648539543151855469e-01
8.163183182477951050e-02
1.141092479228973389e-01
1.276365220546722412e-01
1.230271160602569580e-01
1.780340224504470825e-01
1.393176019191741943e-01
1.234791278839111328e-01
1.178261190652847290e-01
1.280633211135864258e-01
1.505151242017745972e-01
1.059544384479522705e-01
9.538438916206359863e-02
1.147398874163627625e-01
1.260088682174682617e-01
8.307002484798431396e-02
2.213747054338455200e-01
1.451954841613769531e-01
1.259988248348236084e-01
1.202530711889266968e-01
1.507071852684020996e-01
1.066242009401321411e-01
3.038171827793121338e-01
1.444190740585327148e-01
1.266420781612396240e-01
1.966035664081573486e-01
1.145459339022636414e-01
1.376459151506423950e-01
9.911032766103744507e-02
1.222235262393951416e-01
1.342981308698654175e-01
1.065918952226638794e-01
1.147798225283622742e-01
1.946464627981185913e-01
1.589451730251312256e-01
1.714808344841003418e-01
1.587722450494766235e-01
1.576986461877822876e-01
9.946666657924652100e-02
1.035771444439888000e-01
1.304683536291122437e-01
1.547154188156127930e-01
1.623162627220153809e-01
1.437227278947830200e-01
1.624096632003784180e-01
8.564629405736923218e-02
2.183254659175872803e-01
1.338801831007003784e-01
8.074285089969635010e-02
1.528145521879196167e-01
1.277168244123458862e-01
1.413307189941406250e-01
1.199613958597183228e-01
2.566913962364196777e-01
1.202012598514556885e-01
1.523036360740661621e-01
1.513130664825439453e-01
1.001762673258781433e-01
1.452856659889221191e-01
1.619516313076019287e-01
1.269727498292922974e-01
1.178544685244560242e-01
1.004435047507286072e-01
2.033558189868927002e-01
1.578428596258163452e-01
1.784619987010955811e-01
1.180631071329116821e-01
6.740631163120269775e-02
2.460210919380187988e-01
1.251072138547897339e-01
1.144251972436904907e-01
1.670354753732681274e-01
1.459925025701522827e-01
1.625443994998931885e-01
1.203428581357002258e-01
1.697158813476562500e-01
1.064824908971786499e-01
1.415263712406158447e-01
1.694462448358535767e-01
9.094414860010147095e-02
1.133304834365844727e-01
1.568606346845626831e-01
8.799208700656890869e-02
1.333085000514984131e-01
1.711333990097045898e-01
2.420558035373687744e-01
1.188137158751487732e-01
8.818135410547256470e-02
1.083752363920211792e-01
1.372936964035034180e-01
2.886058986186981201e-01
1.735761463642120361e-01
1.739634722471237183e-01
1.511920392513275146e-01
1.085956469178199768e-01
1.210993826389312744e-01
1.522902399301528931e-01
1.452970355749130249e-01
1.735095232725143433e-01
1.515002101659774780e-01
1.348318308591842651e-01
2.445120811462402344e-01
1.433006078004837036e-01
1.422331780195236206e-01
1.519999802112579346e-01
9.845824539661407471e-02
1.291814446449279785e-01
1.371958702802658081e-01
2.228245437145233154e-01
1.265481263399124146e-01
1.537761539220809937e-01
1.600381284952163696e-01
1.120890527963638306e-01
1.921689510345458984e-01
1.195112094283103943e-01
1.100099086761474609e-01
1.150709837675094604e-01
1.431413292884826660e-01
1.258165389299392700e-01
1.415781974792480469e-01
1.049242839217185974e-01
1.839952617883682251e-01
1.157836988568305969e-01
1.111139282584190369e-01
2.187032699584960938e-01
1.192884296178817749e-01
1.540972590446472168e-01
1.073540672659873962e-01
1.350083351135253906e-01
1.384714245796203613e-01
9.903214871883392334e-02
1.417933255434036255e-01
1.837368160486221313e-01
1.667313426733016968e-01
1.711923182010650635e-01
1.567185372114181519e-01
1.542138159275054932e-01
1.500686109066009521e-01
1.584861576557159424e-01
1.421626359224319458e-01
1.526854336261749268e-01
1.178833395242691040e-01
1.882033944129943848e-01
1.855722665786743164e-01
1.549499183893203735e-01
1.798350661993026733e-01
2.879336774349212646e-01
1.156032085418701172e-01
1.748926490545272827e-01
1.297285109758377075e-01
1.521803140640258789e-01
1.308144181966781616e-01
2.123399525880813599e-01
1.579371541738510132e-01
9.366843849420547485e-02
1.310230791568756104e-01
2.051682025194168091e-01
1.510396301746368408e-01
1.541656404733657837e-01
1.416203677654266357e-01
1.203168109059333801e-01
1.372176557779312134e-01
1.979916095733642578e-01
1.352043002843856812e-01
2.064879834651947021e-01
1.385408043861389160e-01
1.357779502868652344e-01
1.696330308914184570e-01
2.816132903099060059e-01
1.058408096432685852e-01
8.859602361917495728e-02
1.123278662562370300e-01
2.269251346588134766e-01
1.116820275783538818e-01
1.079553663730621338e-01
2.029224932193756104e-01
1.025994792580604553e-01
1.149976700544357300e-01
1.451678872108459473e-01
1.180475950241088867e-01
1.690477877855300903e-01
2.079467177391052246e-01
1.132905557751655579e-01
1.932664960622787476e-01
1.453782171010971069e-01
8.722900599241256714e-02
1.002461090683937073e-01
1.101287007331848145e-01
1.757027655839920044e-01
1.967088431119918823e-01
9.068951755762100220e-02
1.175485029816627502e-01
1.508209109306335449e-01
1.348012834787368774e-01
1.203395575284957886e-01
1.413467526435852051e-01
2.188877910375595093e-01
1.029945984482765198e-01
1.387028992176055908e-01
1.669144034385681152e-01
1.089920625090599060e-01
1.631894707679748535e-01
8.748497068881988525e-02
1.349046826362609863e-01
1.074405163526535034e-01
2.839003205299377441e-01
1.627879738807678223e-01
1.871945708990097046e-01
1.538055390119552612e-01
9.734755754470825195e-02
1.831131726503372192e-01
2.119538784027099609e-01
1.715626567602157593e-01
8.899243175983428955e-02
1.869273632764816284e-01
8.774691820144653320e-02
1.299612969160079956e-01
2.791720032691955566e-01
1.565293669700622559e-01
1.604949980974197388e-01
1.427470296621322632e-01
1.366451084613800049e-01
1.441064178943634033e-01
1.079918146133422852e-01
1.165872663259506226e-01
1.285791397094726562e-01
2.490712404251098633e-01
1.249984353780746460e-01
1.469229459762573242e-01
1.387468129396438599e-01
1.164224818348884583e-01
1.254748106002807617e-01
9.912733733654022217e-02
9.416853636503219604e-02
1.549363434314727783e-01
2.843851447105407715e-01
1.234621703624725342e-01
1.732805073261260986e-01
1.827656030654907227e-01
8.906269818544387817e-02
1.103681176900863647e-01
1.286246478557586670e-01
1.495079100131988525e-01
1.248808056116104126e-01
4.628634154796600342e-01
1.379988491535186768e-01
1.014970317482948303e-01
1.063819974660873413e-01
1.611716002225875854e-01
2.147556543350219727e-01
1.441811472177505493e-01
1.714169383049011230e-01
1.600553989410400391e-01
2.571588158607482910e-01
1.878545582294464111e-01
