1.853045821189880371e-02
2.639353089034557343e-02
1.285633351653814316e-02
1.268904376775026321e-02
1.475104410201311111e-02
1.597793027758598328e-02
1.245999429374933243e-02
1.814458891749382019e-02
1.938254386186599731e-02
1.162804104387760162e-02
7.525696419179439545e-03
1.121857017278671265e-02
3.493382781744003296e-02
1.768203265964984894e-02
2.075608819723129272e-02
2.535624243319034576e-02
2.362339757382869720e-02
1.982702873647212982e-02
2.290384098887443542e-02
3.438103199005126953e-02
1.988978311419487000e-02
5.380939692258834839e-02
3.156339377164840698e-02
1.964449882507324219e-02
1.279441826045513153e-02
1.917436532676219940e-02
1.999581418931484222e-02
2.869734540581703186e-02
1.815809495747089386e-02
2.727146260440349579e-02
1.131456252187490463e-02
1.183679606765508652e-02
2.106785960495471954e-02
8.485415019094944000e-03
1.690037921071052551e-02
1.589409448206424713e-02
1.258479896932840347e-02
1.564342901110649109e-02
9.987095370888710022e-03
8.933803066611289978e-03
1.854653656482696533e-02
1.564831472933292389e-02
8.219587616622447968e-03
1.312224101275205612e-02
1.169449184089899063e-02
1.015959773212671280e-02
1.053601410239934921e-02
2.440001443028450012e-02
1.398261822760105133e-02
1.611243560910224915e-02
1.121459994465112686e-02
1.625991985201835632e-02
2.948992140591144562e-02
3.551654145121574402e-02
1.495737396180629730e-02
2.007401175796985626e-02
1.743574254214763641e-02
1.189546100795269012e-02
2.010770700871944427e-02
3.507716953754425049e-02
1.877795159816741943e-02
1.212293747812509537e-02
1.337224896997213364e-02
2.371758967638015747e-02
2.417626604437828064e-02
1.758993230760097504e-02
2.827812358736991882e-02
1.467949524521827698e-02
1.050370372831821442e-02
1.692181825637817383e-02
2.469261549413204193e-02
1.848533190786838531e-02
1.036243792623281479e-02
1.671107485890388489e-02
1.373121421784162521e-02
2.246524766087532043e-02
1.150115672498941422e-02
2.480375207960605621e-02
1.202466804534196854e-02
1.256992947310209274e-02
2.193929627537727356e-02
1.697491295635700226e-02
1.742397248744964600e-02
2.170147374272346497e-02
1.764347776770591736e-02
1.981659792363643646e-02
2.371860854327678680e-02
1.225225441157817841e-02
2.720776572823524475e-02
6.049669533967971802e-02
1.140974555164575577e-02
1.275811158120632172e-02
1.998571306467056274e-02
1.986676082015037537e-02
2.246482670307159424e-02
1.949325203895568848e-02
1.652777381241321564e-02
2.303033322095870972e-02
1.876191236078739166e-02
2.090430259704589844e-02
2.149292826652526855e-02
2.412524446845054626e-02
1.263227779418230057e-02
1.438139751553535461e-02
1.269247476011514664e-02
9.812440723180770874e-03
1.646461524069309235e-02
1.631305180490016937e-02
4.033249244093894958e-02
1.533524319529533386e-02
1.413838472217321396e-02
5.015996750444173813e-03
3.388297930359840393e-02
1.589264161884784698e-02
2.261612005531787872e-02
1.245160400867462158e-02
1.711321435868740082e-02
4.538622498512268066e-02
1.654499955475330353e-02
3.145179152488708496e-02
4.177181795239448547e-02
2.262958697974681854e-02
2.491056732833385468e-02
1.614611037075519562e-02
1.993875950574874878e-02
1.047595497220754623e-02
2.722808346152305603e-02
1.437621098011732101e-02
2.745565026998519897e-02
1.122771389782428741e-02
9.946346282958984375e-03
9.960578754544258118e-03
2.014060504734516144e-02
1.847844384610652924e-02
9.278235025703907013e-03
2.074286714196205139e-02
8.190510794520378113e-03
2.891975827515125275e-02
1.511830370873212814e-02
1.383546181023120880e-02
1.631348766386508942e-02
2.107935212552547455e-02
1.274738460779190063e-02
1.337662711739540100e-02
4.063696786761283875e-02
2.538621053099632263e-02
2.183505892753601074e-02
1.574186794459819794e-02
8.617161773145198822e-03
1.871945708990097046e-02
3.404232114553451538e-02
9.113593958318233490e-03
6.896253675222396851e-03
2.193239703774452209e-02
2.043538354337215424e-02
3.302170708775520325e-02
2.067842334508895874e-02
1.272137649357318878e-02
4.042065516114234924e-02
1.404173485934734344e-02
1.496314443647861481e-02
1.627651602029800415e-02
4.712361842393875122e-02
5.333545058965682983e-02
1.441254466772079468e-02
1.694516278803348541e-02
2.477121725678443909e-02
2.272648364305496216e-02
1.624626480042934418e-02
3.978412225842475891e-02
2.594158612191677094e-02
6.862728856503963470e-03
1.680224202573299408e-02
2.079288475215435028e-02
1.888528838753700256e-02
2.374468743801116943e-02
1.541176438331604004e-02
2.258560620248317719e-02
1.848069764673709869e-02
2.051851525902748108e-02
2.999217808246612549e-02
5.041073635220527649e-02
1.886769570410251617e-02
1.742556877434253693e-02
1.401596050709486008e-02
1.838807947933673859e-02
2.356350608170032501e-02
4.037273302674293518e-02
6.914404034614562988e-02
2.729476615786552429e-02
2.072097361087799072e-02
1.679476723074913025e-02
2.366455271840095520e-02
1.862174458801746368e-02
1.430569216609001160e-02
1.131740491837263107e-02
4.242748022079467773e-02
1.467834785580635071e-02
2.190151065587997437e-02
4.338419437408447266e-02
4.417879506945610046e-02
1.102010998874902725e-02
1.795224845409393311e-02
1.467385515570640564e-02
1.580597646534442902e-02
2.530468441545963287e-02
2.366683073341846466e-02
2.103007584810256958e-02
1.140515506267547607e-02
1.968618109822273254e-02
1.157544832676649094e-02
1.353918854147195816e-02
9.093482978641986847e-03
2.099411748349666595e-02
2.368919178843498230e-02
2.559745870530605316e-02
3.356410190463066101e-02
1.657821051776409149e-02
1.509954314678907394e-02
1.316941529512405396e-02
2.954763919115066528e-02
2.614013850688934326e-02
1.654158346354961395e-02
1.385966874659061432e-02
1.182224135845899582e-02
2.068729698657989502e-02
1.804862730205059052e-02
9.809594601392745972e-03
1.616141386330127716e-02
3.975803405046463013e-02
1.173726189881563187e-02
3.244647011160850525e-02
1.365027856081724167e-02
2.253478206694126129e-02
1.726188883185386658e-02
1.209880411624908447e-02
9.317068383097648621e-03
1.160748582333326340e-02
1.138749998062849045e-02
1.952563785016536713e-02
1.428273785859346390e-02
1.025469414889812469e-02
2.060752548277378082e-02
1.111491024494171143e-02
1.696462370455265045e-02
1.339215505868196487e-02
2.240449935197830200e-02
2.111791446805000305e-02
3.955390676856040955e-02
7.480636239051818848e-03
2.416930347681045532e-02
1.268886961042881012e-02
3.618013858795166016e-02
1.652246527373790741e-02
1.824859343469142914e-02
1.617107167840003967e-02
