2.480042874813079834e-01
1.972214281558990479e-01
2.279147207736968994e-01
2.709367573261260986e-01
3.296174407005310059e-01
2.639917135238647461e-01
2.710381150245666504e-01
3.475071191787719727e-01
2.388227432966232300e-01
2.904207706451416016e-01
2.769318222999572754e-01
3.044823706150054932e-01
2.268299311399459839e-01
2.634038627147674561e-01
2.998845875263214111e-01
2.396539300680160522e-01
2.724365592002868652e-01
2.722768783569335938e-01
2.132776826620101929e-01
3.805572092533111572e-01
2.766809463500976562e-01
2.402710467576980591e-01
2.406427860260009766e-01
2.916976809501647949e-01
2.675301134586334229e-01
2.305462956428527832e-01
2.394322454929351807e-01
3.122641742229461670e-01
2.984117567539215088e-01
3.353028297424316406e-01
2.234257012605667114e-01
1.918744146823883057e-01
3.167813718318939209e-01
2.625740170478820801e-01
2.900774776935577393e-01
2.917553484439849854e-01
3.454805016517639160e-01
2.560622692108154297e-01
2.434166669845581055e-01
2.298061400651931763e-01
3.317954540252685547e-01
3.480860590934753418e-01
2.031560689210891724e-01
2.477848529815673828e-01
2.477504760026931763e-01
2.483026832342147827e-01
3.252229392528533936e-01
2.567492723464965820e-01
2.684697806835174561e-01
1.977356672286987305e-01
2.541345357894897461e-01
4.079428613185882568e-01
2.480382472276687622e-01
2.076160460710525513e-01
2.276213020086288452e-01
2.682639360427856445e-01
2.098367661237716675e-01
2.056365013122558594e-01
2.010432928800582886e-01
3.560130596160888672e-01
2.384427040815353394e-01
3.283862471580505371e-01
1.951693147420883179e-01
2.444801628589630127e-01
2.848248779773712158e-01
3.741654157638549805e-01
2.746204733848571777e-01
2.116802483797073364e-01
3.858993351459503174e-01
4.784514605998992920e-01
3.005219697952270508e-01
2.848494648933410645e-01
3.762446641921997070e-01
2.902973890304565430e-01
2.125706970691680908e-01
1.775624006986618042e-01
2.777980864048004150e-01
3.877862989902496338e-01
3.122894167900085449e-01
1.973624825477600098e-01
2.679010331630706787e-01
2.299966961145401001e-01
2.473684847354888916e-01
2.319693863391876221e-01
2.635278403759002686e-01
2.819294035434722900e-01
2.295652925968170166e-01
3.194410800933837891e-01
3.813954591751098633e-01
2.502627372741699219e-01
2.268614023923873901e-01
2.676449716091156006e-01
3.431393504142761230e-01
3.798918426036834717e-01
3.786569833755493164e-01
2.968267500400543213e-01
3.021314740180969238e-01
2.574816942214965820e-01
3.006916344165802002e-01
1.938742995262145996e-01
1.949839591979980469e-01
3.217277526855468750e-01
3.623029291629791260e-01
2.171162366867065430e-01
2.485802918672561646e-01
2.266427278518676758e-01
2.133273333311080933e-01
2.851480245590209961e-01
2.714656293392181396e-01
2.719850540161132812e-01
3.107004463672637939e-01
2.173681855201721191e-01
2.675315439701080322e-01
2.386837601661682129e-01
3.433674871921539307e-01
2.761005759239196777e-01
2.084255665540695190e-01
2.975400388240814209e-01
3.177756071090698242e-01
2.818320691585540771e-01
2.858489453792572021e-01
3.498355448246002197e-01
2.675296962261199951e-01
2.637754082679748535e-01
3.159323930740356445e-01
2.879268527030944824e-01
1.873157173395156860e-01
2.985735833644866943e-01
3.584166169166564941e-01
2.569911479949951172e-01
1.814880222082138062e-01
2.758382856845855713e-01
2.639854252338409424e-01
2.485936135053634644e-01
2.567249536514282227e-01
2.252004742622375488e-01
3.419779241085052490e-01
2.909976840019226074e-01
2.897776663303375244e-01
2.902173101902008057e-01
2.403698861598968506e-01
2.381094247102737427e-01
3.633208274841308594e-01
2.690047323703765869e-01
3.809850215911865234e-01
2.947189509868621826e-01
2.743448615074157715e-01
4.644177854061126709e-01
3.132741153240203857e-01
2.443869560956954956e-01
3.476974070072174072e-01
3.001251220703125000e-01
1.976945549249649048e-01
2.301240712404251099e-01
2.512737214565277100e-01
2.660256624221801758e-01
3.271213173866271973e-01
1.622059196233749390e-01
2.273507118225097656e-01
2.225193530321121216e-01
3.596380949020385742e-01
3.215036094188690186e-01
1.997260004281997681e-01
2.214968800544738770e-01
2.706379294395446777e-01
2.830854058265686035e-01
2.620627880096435547e-01
3.709766268730163574e-01
2.729550600051879883e-01
2.903085947036743164e-01
1.892646253108978271e-01
2.139555811882019043e-01
2.459958791732788086e-01
3.140807449817657471e-01
2.424421608448028564e-01
3.699318170547485352e-01
2.364265471696853638e-01
2.419998496770858765e-01
2.947985827922821045e-01
2.497484683990478516e-01
2.759927213191986084e-01
2.686429321765899658e-01
2.895363867282867432e-01
3.857124447822570801e-01
1.398439556360244751e-01
2.831768691539764404e-01
3.361801207065582275e-01
2.522368133068084717e-01
2.823479175567626953e-01
2.380552887916564941e-01
2.310993671417236328e-01
3.274368941783905029e-01
4.078184664249420166e-01
2.648236453533172607e-01
2.524992823600769043e-01
3.387816846370697021e-01
3.251357972621917725e-01
2.419915944337844849e-01
2.855947911739349365e-01
3.605232238769531250e-01
2.603034675121307373e-01
2.294095158576965332e-01
2.482662051916122437e-01
2.171220183372497559e-01
2.353229969739913940e-01
4.117168784141540527e-01
2.587556242942810059e-01
2.888437211513519287e-01
1.972492933273315430e-01
2.407684475183486938e-01
2.755378484725952148e-01
3.030927479267120361e-01
2.457121461629867554e-01
2.744053900241851807e-01
3.564212322235107422e-01
2.546012401580810547e-01
3.672560751438140869e-01
2.882636487483978271e-01
2.589726746082305908e-01
3.020770549774169922e-01
2.889625132083892822e-01
3.504636883735656738e-01
2.091742604970932007e-01
2.953031063079833984e-01
3.221938908100128174e-01
2.925421297550201416e-01
2.573945820331573486e-01
3.011564016342163086e-01
3.893319666385650635e-01
2.210657596588134766e-01
2.226389497518539429e-01
3.258199691772460938e-01
3.204904496669769287e-01
2.975013554096221924e-01
2.323160022497177124e-01
3.322663605213165283e-01
2.812474668025970459e-01
2.702038884162902832e-01
2.299533039331436157e-01
2.846020162105560303e-01
3.317680358886718750e-01
2.292495816946029663e-01
3.497658371925354004e-01
2.621847689151763916e-01
3.580544292926788330e-01
4.003058373928070068e-01
2.923567593097686768e-01
3.049328625202178955e-01
3.478454053401947021e-01
2.844541370868682861e-01
2.741748094558715820e-01
2.018879055976867676e-01
2.466471791267395020e-01
2.987550795078277588e-01
2.043663710355758667e-01
2.690536081790924072e-01
