1.970832645893096924e-01
1.770634055137634277e-01
1.302556395530700684e-01
1.994954794645309448e-01
1.839029192924499512e-01
9.338508546352386475e-02
2.332829385995864868e-01
2.236249744892120361e-01
1.653956472873687744e-01
1.279988288879394531e-01
8.422450721263885498e-02
1.085115894675254822e-01
3.167513310909271240e-01
2.031944096088409424e-01
3.246057331562042236e-01
2.183613628149032593e-01
3.208117783069610596e-01
2.824392020702362061e-01
3.407985866069793701e-01
3.338674008846282959e-01
3.307128250598907471e-01
5.571435689926147461e-01
2.820535600185394287e-01
3.080719709396362305e-01
2.113821506500244141e-01
2.971313893795013428e-01
2.361377179622650146e-01
5.499907732009887695e-01
1.220818087458610535e-01
3.381168246269226074e-01
1.528268456459045410e-01
1.543871313333511353e-01
1.982447206974029541e-01
5.819782987236976624e-02
1.812020093202590942e-01
2.489040046930313110e-01
1.954303085803985596e-01
7.054518163204193115e-02
9.175670892000198364e-02
1.328181922435760498e-01
2.615824341773986816e-01
2.012619227170944214e-01
7.201334834098815918e-02
1.573225557804107666e-01
1.918964534997940063e-01
8.127745240926742554e-02
1.169709265232086182e-01
2.504259645938873291e-01
2.862640619277954102e-01
3.032384216785430908e-01
1.475895196199417114e-01
3.696003258228302002e-01
1.869700551033020020e-01
2.097488492727279663e-01
1.906536966562271118e-01
2.363843768835067749e-01
1.641515344381332397e-01
1.078967303037643433e-01
2.530633211135864258e-01
1.703258156776428223e-01
1.265618056058883667e-01
8.142463862895965576e-02
2.406921833753585815e-01
2.609119117259979248e-01
2.705025374889373779e-01
2.128430753946304321e-01
5.007007718086242676e-01
2.375096082687377930e-01
8.024541288614273071e-02
2.896308898925781250e-01
1.776012778282165527e-01
8.867670595645904541e-02
1.093871891498565674e-01
1.833687573671340942e-01
2.812030017375946045e-01
1.970867514610290527e-01
2.020833939313888550e-01
3.442693054676055908e-01
1.410803794860839844e-01
1.361645013093948364e-01
2.676350176334381104e-01
1.618359833955764771e-01
2.722811400890350342e-01
2.726620733737945557e-01
2.527971565723419189e-01
9.816873073577880859e-02
4.707053005695343018e-01
2.239105105400085449e-01
3.649408817291259766e-01
1.987249404191970825e-01
8.146830648183822632e-02
2.542798221111297607e-01
3.322479128837585449e-01
1.561434566974639893e-01
2.336121499538421631e-01
1.294157505035400391e-01
2.570315003395080566e-01
1.699778288602828979e-01
1.374488770961761475e-01
2.214913517236709595e-01
5.015326738357543945e-01
3.132167756557464600e-01
1.487025022506713867e-01
1.173555478453636169e-01
9.160704165697097778e-02
2.130158096551895142e-01
1.392924338579177856e-01
3.056552708148956299e-01
5.634495019912719727e-01
1.017995700240135193e-01
9.941075742244720459e-02
4.919833317399024963e-02
4.426581859588623047e-01
3.142251074314117432e-01
4.001631140708923340e-01
1.334250867366790771e-01
2.173551470041275024e-01
5.521567463874816895e-01
2.806003093719482422e-01
2.784233391284942627e-01
4.333139359951019287e-01
2.601568400859832764e-01
3.787752687931060791e-01
1.826630085706710815e-01
2.663729786872863770e-01
1.077140793204307556e-01
3.001498281955718994e-01
2.427936941385269165e-01
5.130473971366882324e-01
8.287166804075241089e-02
1.253869086503982544e-01
1.995787173509597778e-01
1.451174467802047729e-01
2.252591103315353394e-01
1.467474400997161865e-01
3.711550533771514893e-01
7.938066869974136353e-02
5.425182580947875977e-01
2.057733833789825439e-01
2.102669626474380493e-01
1.287510842084884644e-01
4.993092119693756104e-01
1.815209239721298218e-01
1.845179051160812378e-01
4.153963625431060791e-01
3.817190825939178467e-01
2.054077982902526855e-01
2.205002009868621826e-01
1.471416056156158447e-01
4.964387118816375732e-01
4.201579391956329346e-01
8.009777963161468506e-02
6.225748732686042786e-02
3.535601794719696045e-01
2.760260999202728271e-01
3.839708566665649414e-01
1.631758958101272583e-01
1.402423828840255737e-01
2.674228847026824951e-01
8.442482352256774902e-02
2.305243909358978271e-01
2.259061336517333984e-01
2.145855128765106201e-01
4.180848300457000732e-01
2.821056544780731201e-01
2.925844192504882812e-01
3.415712416172027588e-01
4.640384912490844727e-01
3.025095462799072266e-01
3.732041120529174805e-01
5.871093273162841797e-01
6.160471215844154358e-02
2.796678245067596436e-01
3.042138218879699707e-01
2.173450738191604614e-01
3.549581170082092285e-01
2.095979154109954834e-01
2.449299395084381104e-01
3.427768051624298096e-01
2.867556810379028320e-01
3.543343544006347656e-01
4.666915833950042725e-01
3.220050036907196045e-01
3.804902434349060059e-01
2.632342576980590820e-01
2.159854471683502197e-01
1.923793852329254150e-01
4.073674082756042480e-01
4.965579807758331299e-01
3.623018562793731689e-01
1.669811606407165527e-01
1.320871859788894653e-01
2.373718917369842529e-01
2.118227332830429077e-01
1.522405445575714111e-01
1.667818874120712280e-01
3.835859000682830811e-01
9.827349334955215454e-02
3.729342222213745117e-01
3.943243324756622314e-01
4.353393316268920898e-01
2.269839793443679810e-01
1.507875621318817139e-01
3.133019506931304932e-01
3.849882781505584717e-01
5.774443149566650391e-01
1.892256438732147217e-01
2.821576595306396484e-01
9.068229794502258301e-02
2.364295870065689087e-01
9.643973410129547119e-02
2.359677106142044067e-01
6.986806541681289673e-02
2.938177585601806641e-01
5.100494027137756348e-01
3.348020911216735840e-01
2.339379042387008667e-01
1.145127713680267334e-01
2.154586017131805420e-01
2.266129702329635620e-01
2.828744649887084961e-01
2.341175079345703125e-01
1.890828162431716919e-01
2.905536890029907227e-01
2.680747210979461670e-01
3.875783085823059082e-01
3.914802670478820801e-01
1.844268143177032471e-01
1.888636946678161621e-01
4.404689967632293701e-01
1.404976844787597656e-01
3.460182249546051025e-01
2.723503410816192627e-01
2.566954493522644043e-01
2.785440087318420410e-01
1.148205995559692383e-01
1.606540232896804810e-01
1.754247844219207764e-01
8.825387805700302124e-02
1.649432629346847534e-01
1.267605721950531006e-01
2.356137931346893311e-01
2.810918986797332764e-01
7.657560706138610840e-02
1.424167007207870483e-01
1.683437675237655640e-01
3.978621065616607666e-01
2.684952318668365479e-01
6.383439898490905762e-01
1.087432056665420532e-01
3.180363476276397705e-01
1.760411411523818970e-01
3.634292483329772949e-01
2.615123689174652100e-01
1.998728811740875244e-01
2.541160285472869873e-01
