2.855588793754577637e-01
2.425129264593124390e-01
3.031853437423706055e-01
3.168426454067230225e-01
3.011119067668914795e-01
3.474535942077636719e-01
3.075609207153320312e-01
3.104760050773620605e-01
3.645993173122406006e-01
3.254915475845336914e-01
2.194721251726150513e-01
3.167312741279602051e-01
2.674325704574584961e-01
3.103772997856140137e-01
3.025667071342468262e-01
3.443430662155151367e-01
2.915466725826263428e-01
3.378783464431762695e-01
2.887323796749114990e-01
2.996378540992736816e-01
3.588176071643829346e-01
3.164213597774505615e-01
2.882086932659149170e-01
2.917406558990478516e-01
3.492479026317596436e-01
3.749010264873504639e-01
3.587050139904022217e-01
3.166257143020629883e-01
2.755551934242248535e-01
2.977734804153442383e-01
3.363775014877319336e-01
2.892660498619079590e-01
3.106451034545898438e-01
2.505890130996704102e-01
3.460383415222167969e-01
3.621155023574829102e-01
2.570206224918365479e-01
3.695355653762817383e-01
2.935257554054260254e-01
3.285545408725738525e-01
3.243426084518432617e-01
3.188174664974212646e-01
3.093385398387908936e-01
3.313685059547424316e-01
3.549802601337432861e-01
2.978061437606811523e-01
2.737271487712860107e-01
3.022756874561309814e-01
3.179479837417602539e-01
2.831428050994873047e-01
3.064619302749633789e-01
3.389743864536285400e-01
3.052941262722015381e-01
3.099050521850585938e-01
3.016510903835296631e-01
3.471847176551818848e-01
3.033564388751983643e-01
2.934533953666687012e-01
3.352372050285339355e-01
3.676266074180603027e-01
3.162857592105865479e-01
3.403720557689666748e-01
3.077734410762786865e-01
2.819284796714782715e-01
3.793971538543701172e-01
3.082841634750366211e-01
2.777959704399108887e-01
3.363338708877563477e-01
2.284438610076904297e-01
3.258579671382904053e-01
2.790005803108215332e-01
3.072259426116943359e-01
2.975200414657592773e-01
3.847249150276184082e-01
3.372044265270233154e-01
2.252650409936904907e-01
2.827477455139160156e-01
3.737164735794067383e-01
2.795885801315307617e-01
3.484980762004852295e-01
3.878779113292694092e-01
3.287825286388397217e-01
3.340349197387695312e-01
3.334613442420959473e-01
2.755988538265228271e-01
3.500312566757202148e-01
2.896683514118194580e-01
2.798456251621246338e-01
2.907343208789825439e-01
3.219741284847259521e-01
3.823622167110443115e-01
3.522447347640991211e-01
3.278193175792694092e-01
3.689325153827667236e-01
3.147175312042236328e-01
3.600193262100219727e-01
3.122934401035308838e-01
2.518588304519653320e-01
2.355099022388458252e-01
3.211130499839782715e-01
3.203162550926208496e-01
3.344610631465911865e-01
2.767519950866699219e-01
3.340529501438140869e-01
3.152541220188140869e-01
3.175466060638427734e-01
2.223778367042541504e-01
2.955707311630249023e-01
3.206103146076202393e-01
2.657807767391204834e-01
3.662405908107757568e-01
2.715251445770263672e-01
3.654744625091552734e-01
3.427135050296783447e-01
2.819721102714538574e-01
2.753958404064178467e-01
4.669270813465118408e-01
3.090170025825500488e-01
3.467712700366973877e-01
3.144260048866271973e-01
3.219704627990722656e-01
2.765432000160217285e-01
3.301104307174682617e-01
3.218582272529602051e-01
3.152155578136444092e-01
2.812800407409667969e-01
2.497085481882095337e-01
3.514049947261810303e-01
3.264158964157104492e-01
3.013817667961120605e-01
2.734256684780120850e-01
3.521929383277893066e-01
3.830820620059967041e-01
3.027748465538024902e-01
2.940324842929840088e-01
2.824699282646179199e-01
3.099187314510345459e-01
2.373380810022354126e-01
2.705374956130981445e-01
4.188705980777740479e-01
2.984953820705413818e-01
3.840719163417816162e-01
2.753902673721313477e-01
3.091129064559936523e-01
3.169435560703277588e-01
2.823769748210906982e-01
2.749191820621490479e-01
3.493221104145050049e-01
4.018496572971343994e-01
3.108249902725219727e-01
2.176238745450973511e-01
2.821343243122100830e-01
3.198840320110321045e-01
3.358097076416015625e-01
2.468353062868118286e-01
3.332352638244628906e-01
2.875570058822631836e-01
2.964421808719635010e-01
2.385424077510833740e-01
3.450851142406463623e-01
3.081191480159759521e-01
2.760332822799682617e-01
2.533181309700012207e-01
2.575761377811431885e-01
3.091892004013061523e-01
2.949673533439636230e-01
3.088739812374114990e-01
3.112623989582061768e-01
3.475320041179656982e-01
3.171553313732147217e-01
2.474284470081329346e-01
3.370702564716339111e-01
3.450419008731842041e-01
3.189180791378021240e-01
3.149583339691162109e-01
3.007861077785491943e-01
2.694264650344848633e-01
3.730292022228240967e-01
3.235122561454772949e-01
2.988300025463104248e-01
2.811756432056427002e-01
3.244574069976806641e-01
3.630020022392272949e-01
2.842702865600585938e-01
3.532840311527252197e-01
3.451312780380249023e-01
3.243542611598968506e-01
3.524497151374816895e-01
3.117963075637817383e-01
3.428819179534912109e-01
3.214815855026245117e-01
2.747515439987182617e-01
3.287265896797180176e-01
3.655516505241394043e-01
2.900558412075042725e-01
2.522597610950469971e-01
3.283586800098419189e-01
2.523125708103179932e-01
3.425661027431488037e-01
2.851462066173553467e-01
2.917764782905578613e-01
2.496898025274276733e-01
5.158682465553283691e-01
3.026048541069030762e-01
2.742726504802703857e-01
2.379435151815414429e-01
3.523853719234466553e-01
3.393841087818145752e-01
2.263970226049423218e-01
2.652337849140167236e-01
3.758581280708312988e-01
3.776729106903076172e-01
2.459205240011215210e-01
3.046221137046813965e-01
3.066919445991516113e-01
3.774703145027160645e-01
2.976160049438476562e-01
3.552312254905700684e-01
2.695972323417663574e-01
2.649114131927490234e-01
2.871634960174560547e-01
2.985216379165649414e-01
2.867044210433959961e-01
3.675569593906402588e-01
3.494314253330230713e-01
3.822807967662811279e-01
3.245984911918640137e-01
3.567104637622833252e-01
2.662023603916168213e-01
3.357329070568084717e-01
2.935183346271514893e-01
2.987068295478820801e-01
2.664260566234588623e-01
3.018949329853057861e-01
3.174893856048583984e-01
2.435836493968963623e-01
3.274373114109039307e-01
2.763784825801849365e-01
2.466192245483398438e-01
2.875550985336303711e-01
3.059696853160858154e-01
3.157436549663543701e-01
3.328847885131835938e-01
2.983861267566680908e-01
2.960862517356872559e-01
3.309020102024078369e-01
3.728924393653869629e-01
3.237768113613128662e-01
3.490679562091827393e-01
3.342373073101043701e-01
3.036587238311767578e-01
3.578155338764190674e-01
2.848551273345947266e-01
2.826609015464782715e-01
2.808795571327209473e-01
3.248792290687561035e-01
