6.735529750585556030e-02
5.142822489142417908e-02
3.845318034291267395e-02
1.691506952047348022e-01
6.044410914182662964e-02
4.595667868852615356e-02
1.209482848644256592e-01
1.110148653388023376e-01
4.179481416940689087e-02
3.869471698999404907e-02
4.416946694254875183e-02
7.072924077510833740e-02
7.895289361476898193e-02
1.094424650073051453e-01
9.589970856904983521e-02
5.439130961894989014e-02
1.032439023256301880e-01
2.189813852310180664e-01
4.589899256825447083e-02
3.722554817795753479e-02
1.409848481416702271e-01
5.872048810124397278e-02
3.601646795868873596e-02
9.547455608844757080e-02
1.657301038503646851e-01
1.024268865585327148e-01
1.417268216609954834e-01
5.800819769501686096e-02
5.361676961183547974e-02
7.155644893646240234e-02
8.648426085710525513e-02
1.110463514924049377e-01
5.113363265991210938e-02
5.145623907446861267e-02
8.090038597583770752e-02
1.153771728277206421e-01
7.765304297208786011e-02
4.490267485380172729e-02
4.895810037851333618e-02
1.055694296956062317e-01
1.457446664571762085e-01
7.439435273408889771e-02
5.302592739462852478e-02
5.995129421353340149e-02
1.025621220469474792e-01
4.856254160404205322e-02
4.083823040127754211e-02
1.312158703804016113e-01
6.390114128589630127e-02
1.061535775661468506e-01
9.154602885246276855e-02
1.475880146026611328e-01
9.004192054271697998e-02
7.416495680809020996e-02
1.069053113460540771e-01
7.763011008501052856e-02
1.423327028751373291e-01
4.950885847210884094e-02
9.735658764839172363e-02
6.606438755989074707e-02
1.292216479778289795e-01
5.481102690100669861e-02
1.144662275910377502e-01
9.495247155427932739e-02
9.208110719919204712e-02
1.578935682773590088e-01
4.958743229508399963e-02
2.363274246454238892e-02
3.975617885589599609e-02
9.345996379852294922e-02
2.914823219180107117e-02
6.528516113758087158e-02
8.853811770677566528e-02
1.189763173460960388e-01
1.691752672195434570e-01
6.916122883558273315e-02
1.316263377666473389e-01
6.058988347649574280e-02
4.803989455103874207e-02
6.536008417606353760e-02
1.081990003585815430e-01
6.244006007909774780e-02
1.103161945939064026e-01
1.105513349175453186e-01
1.076254248619079590e-01
4.000819846987724304e-02
7.228759676218032837e-02
9.469782561063766479e-02
6.615946441888809204e-02
4.639175906777381897e-02
4.442164301872253418e-02
1.727382987737655640e-01
9.206493198871612549e-02
3.448186069726943970e-02
4.505079239606857300e-02
3.743695840239524841e-02
9.404961019754409790e-02
8.175960183143615723e-02
3.966249525547027588e-02
4.517054557800292969e-02
9.851227700710296631e-02
1.095024049282073975e-01
1.072007641196250916e-01
5.059326812624931335e-02
4.443611949682235718e-02
7.547578215599060059e-02
4.200064763426780701e-02
1.046156212687492371e-01
1.172082200646400452e-01
4.465362802147865295e-02
4.594212025403976440e-02
4.086425527930259705e-02
5.385786294937133789e-02
1.036366671323776245e-01
7.412538677453994751e-02
3.106458298861980438e-02
1.085856109857559204e-01
1.745790541172027588e-01
7.769435644149780273e-02
6.893799453973770142e-02
1.099818795919418335e-01
4.890795424580574036e-02
1.047670915722846985e-01
1.097474917769432068e-01
1.025489568710327148e-01
4.484428092837333679e-02
6.746957451105117798e-02
7.074020057916641235e-02
1.363675594329833984e-01
4.383940994739532471e-02
3.458117321133613586e-02
1.768848598003387451e-01
6.668377667665481567e-02
1.154686659574508667e-01
6.278128921985626221e-02
8.727675676345825195e-02
4.064369201660156250e-02
2.890015542507171631e-01
7.032677531242370605e-02
4.276647791266441345e-02
1.173156797885894775e-01
1.049013584852218628e-01
6.113703176379203796e-02
4.691392183303833008e-02
4.000540822744369507e-02
7.438199222087860107e-02
1.003399714827537537e-01
1.012437269091606140e-01
5.994897708296775818e-02
1.078263223171234131e-01
1.511779874563217163e-01
3.216759115457534790e-02
4.297152906656265259e-02
9.767348319292068481e-02
9.514538198709487915e-02
8.377905189990997314e-02
9.580269455909729004e-02
4.483136162161827087e-02
2.626149170100688934e-02
4.248570650815963745e-02
1.154255643486976624e-01
7.707507163286209106e-02
1.781456768512725830e-01
2.995735034346580505e-02
6.990350037813186646e-02
7.241476327180862427e-02
1.599892824888229370e-01
8.930230140686035156e-02
1.130457594990730286e-01
5.342575907707214355e-02
1.358925402164459229e-01
3.750317543745040894e-02
8.088734745979309082e-02
1.145422458648681641e-01
1.232027485966682434e-01
9.422636032104492188e-02
8.803329616785049438e-02
3.464897349476814270e-02
9.960260987281799316e-02
4.607168585062026978e-02
6.935906410217285156e-02
6.300482898950576782e-02
1.589552611112594604e-01
5.089439824223518372e-02
1.254349499940872192e-01
5.903099849820137024e-02
7.440149039030075073e-02
1.083538085222244263e-01
5.144243314862251282e-02
9.310102462768554688e-02
8.475700020790100098e-02
2.400371804833412170e-02
2.787404134869575500e-02
9.932781010866165161e-02
6.123887002468109131e-02
5.990586429834365845e-02
1.095422506332397461e-01
5.084163695573806763e-02
6.582402437925338745e-02
1.162000000476837158e-01
8.327259868383407593e-02
1.651284396648406982e-01
5.049435049295425415e-02
1.231143772602081299e-01
1.227947100996971130e-01
1.037725508213043213e-01
3.694059327244758606e-02
7.563028484582901001e-02
4.153130203485488892e-02
1.191675812005996704e-01
2.921427600085735321e-02
8.385217189788818359e-02
5.769766494631767273e-02
9.509772807359695435e-02
9.437700361013412476e-02
3.088768944144248962e-02
3.903004527091979980e-02
6.038370728492736816e-02
6.719631701707839966e-02
5.012957751750946045e-02
3.825234994292259216e-02
9.462535381317138672e-02
9.575659781694412231e-02
5.009927600622177124e-02
2.428773790597915649e-02
1.074352934956550598e-01
1.908284872770309448e-01
6.932918727397918701e-02
1.376370489597320557e-01
1.150803342461585999e-01
3.293832391500473022e-02
6.466630846261978149e-02
6.163598224520683289e-02
1.105992048978805542e-01
3.580840677022933960e-02
7.212896645069122314e-02
8.506084978580474854e-02
3.754882514476776123e-02
3.682683408260345459e-02
9.467750787734985352e-02
4.644725471735000610e-02
1.666216403245925903e-01
1.049441695213317871e-01
7.551805675029754639e-02
3.980677202343940735e-02
2.488173358142375946e-02
1.528230458498001099e-01
1.166515797376632690e-01
8.858451992273330688e-02
5.402872711420059204e-02
7.257033139467239380e-02
7.358127087354660034e-02
7.969967275857925415e-02
8.539475500583648682e-02
6.085572391748428345e-02
1.262764036655426025e-01
