-2.638519741594791412e-02
9.954480081796646118e-02
-6.836161948740482330e-03
-8.767797052860260010e-02
7.832224480807781219e-03
4.065317660570144653e-02
-3.073797747492790222e-02
5.956134293228387833e-03
1.693789032287895679e-03
4.776894673705101013e-02
6.300383061170578003e-02
3.576002642512321472e-02
-5.040518939495086670e-02
2.137228101491928101e-02
-9.032735601067543030e-03
-3.370193764567375183e-02
-4.552883282303810120e-02
-1.923832297325134277e-01
-6.760811805725097656e-02
7.746373116970062256e-02
-3.395701944828033447e-02
-7.994722574949264526e-02
1.313788443803787231e-01
-1.273038983345031738e-01
-6.282491981983184814e-02
-5.497333593666553497e-03
-9.152030199766159058e-02
-1.757022887468338013e-01
-8.295799605548381805e-03
-9.446838498115539551e-02
2.491496969014406204e-03
-3.189434856176376343e-02
-1.575485989451408386e-02
1.437249034643173218e-01
-3.477037651464343071e-03
1.075595058500766754e-02
-5.107385665178298950e-02
3.584825620055198669e-02
8.781926333904266357e-02
-4.523955658078193665e-02
-4.578491300344467163e-02
1.468971464782953262e-02
6.868459284305572510e-02
1.680622994899749756e-02
-4.771537706255912781e-02
5.681429058313369751e-02
4.598526656627655029e-02
-5.066785216331481934e-02
5.891398061066865921e-03
-1.033523008227348328e-01
1.028128992766141891e-02
-1.052044257521629333e-01
-1.655656844377517700e-02
-1.921301521360874176e-02
-3.452211618423461914e-02
2.013766020536422729e-02
-1.362050473690032959e-01
3.960208222270011902e-02
-8.827676065266132355e-03
-1.083682011812925339e-02
-2.980299852788448334e-02
7.211893051862716675e-02
-6.689302623271942139e-02
-9.428655728697776794e-03
-3.095596097409725189e-02
-2.670018561184406281e-02
-1.418361961841583252e-01
1.190025806427001953e-01
6.692895293235778809e-02
-2.137457579374313354e-01
4.272009059786796570e-02
4.778210818767547607e-02
3.390517085790634155e-02
1.385659270454198122e-04
-1.482226252555847168e-01
-2.368403598666191101e-02
-7.433690130710601807e-02
-6.842708587646484375e-02
-2.007591351866722107e-02
1.469723973423242569e-02
-3.962029516696929932e-02
1.939340494573116302e-02
-6.963979452848434448e-02
-5.577928572893142700e-02
7.966387085616588593e-03
2.363855391740798950e-02
-2.578147947788238525e-01
6.356414407491683960e-03
-1.004054769873619080e-01
2.804677747189998627e-02
1.522290147840976715e-02
-4.841341450810432434e-02
-1.535534709692001343e-01
1.049308776855468750e-01
4.989238083362579346e-02
6.568884849548339844e-02
-5.413906648755073547e-02
7.726470474153757095e-03
9.409015625715255737e-02
-1.997841894626617432e-02
-2.356099188327789307e-01
-6.228353083133697510e-02
3.336337953805923462e-02
1.101691052317619324e-01
7.699941843748092651e-02
-3.247786313295364380e-02
4.808925092220306396e-02
-1.499471217393875122e-01
-1.650301665067672729e-01
1.230378076434135437e-01
7.115655392408370972e-02
5.889479443430900574e-02
-4.815541952848434448e-02
-9.722049534320831299e-02
-1.860362291336059570e-01
8.532587438821792603e-02
-5.160232260823249817e-02
-3.079855740070343018e-01
-6.041035428643226624e-02
-7.713112235069274902e-02
-2.728199362754821777e-01
2.894976548850536346e-02
-1.328045874834060669e-01
1.726418547332286835e-02
-3.918417915701866150e-02
5.415309593081474304e-02
-3.721910715103149414e-02
-1.528293341398239136e-01
-1.766338199377059937e-01
8.393651992082595825e-02
6.932887434959411621e-02
-8.264500647783279419e-02
1.117839068174362183e-01
-5.077210441231727600e-02
-4.477180913090705872e-02
-3.745491802692413330e-02
3.036117926239967346e-02
-3.782434761524200439e-01
1.485663279891014099e-02
6.824475713074207306e-03
-5.208967626094818115e-02
-2.950145900249481201e-01
8.985999971628189087e-02
2.964604459702968597e-02
1.993024908006191254e-02
-8.348307758569717407e-02
-9.641562402248382568e-02
-2.382967621088027954e-02
3.491089493036270142e-02
-2.662567198276519775e-01
-1.618436127901077271e-01
7.355216145515441895e-02
2.756779827177524567e-02
-1.108666434884071350e-01
-1.032214798033237457e-02
-9.749911725521087646e-02
1.399501692503690720e-02
1.080216653645038605e-02
7.844409346580505371e-02
1.305714342743158340e-02
-3.947605192661285400e-02
2.480509318411350250e-02
-7.744481414556503296e-02
-2.841938473284244537e-02
1.041219662874937057e-02
-4.233008623123168945e-02
-1.663397699594497681e-01
-9.490825235843658447e-02
-3.432817757129669189e-02
4.554369300603866577e-02
-3.000102639198303223e-01
-6.937636528164148331e-03
1.410299632698297501e-02
-2.615482211112976074e-01
-7.359806448221206665e-02
-1.062731891870498657e-01
-1.054421346634626389e-02
-7.116017490625381470e-02
-1.033884286880493164e-01
-2.978738024830818176e-02
-1.427689790725708008e-01
-5.171008780598640442e-02
-5.712562799453735352e-02
-5.439203605055809021e-02
-4.226017370820045471e-02
-8.511971682310104370e-03
1.588723435997962952e-02
-6.535797566175460815e-02
-6.134562566876411438e-02
-1.450187712907791138e-01
3.993868827819824219e-02
8.164022862911224365e-02
-7.759657222777605057e-03
-3.406165912747383118e-02
3.196883946657180786e-02
-4.475572332739830017e-02
-7.030646502971649170e-02
1.021300107240676880e-01
-1.799280494451522827e-01
-2.117333710193634033e-01
-5.979676544666290283e-02
-1.159606128931045532e-01
3.927141055464744568e-02
-4.544324800372123718e-02
-1.844563782215118408e-01
-1.084763780236244202e-01
5.578079074621200562e-02
-6.364914774894714355e-02
1.682454720139503479e-02
1.662316062720492482e-04
7.986562699079513550e-02
-6.723978370428085327e-02
7.982666045427322388e-02
-3.990539815276861191e-03
-1.901640444993972778e-01
2.002600021660327911e-02
7.318057119846343994e-02
1.032339632511138916e-01
-2.643146738409996033e-02
2.396318875253200531e-02
-4.424671456217765808e-02
2.289623022079467773e-02
2.344355918467044830e-02
-2.348094806075096130e-02
1.051578763872385025e-02
-2.149372249841690063e-01
-1.280993670225143433e-01
-1.833845861256122589e-02
-6.022144225426018238e-04
-5.162361264228820801e-02
5.657475441694259644e-02
-5.429699644446372986e-02
1.414560433477163315e-02
-4.985229298472404480e-02
6.725453585386276245e-02
5.171266198158264160e-02
-4.026594106107950211e-03
3.505714982748031616e-02
8.278076350688934326e-02
1.003433577716350555e-02
5.922970920801162720e-02
-2.042947709560394287e-01
-7.616920769214630127e-02
4.143187776207923889e-02
7.751701027154922485e-02
7.600538432598114014e-02
-1.591860502958297729e-01
-8.361291885375976562e-02
-1.662511229515075684e-01
2.296792110428214073e-03
-6.848908960819244385e-02
3.811869770288467407e-02
-9.873106330633163452e-02
-2.028991281986236572e-02
1.539435330778360367e-02
-1.054807156324386597e-01
