1.321249082684516907e-02
1.338245626538991928e-02
6.094989366829395294e-03
2.317342720925807953e-02
1.061320025473833084e-02
1.303985435515642166e-02
1.807075925171375275e-02
2.222541347146034241e-02
5.863338243216276169e-03
8.063840679824352264e-03
9.383674710988998413e-03
2.005043998360633850e-02
1.319320313632488251e-02
4.301586002111434937e-02
1.661419123411178589e-02
8.650683797895908356e-03
1.653976179659366608e-02
2.569318190217018127e-02
8.003526367247104645e-03
5.018955096602439880e-03
2.788610197603702545e-02
3.852318972349166870e-03
7.346982136368751526e-03
1.515388209372758865e-02
2.131657861173152924e-02
2.900094538927078247e-02
2.105981484055519104e-02
6.043605972081422806e-03
1.194252632558345795e-02
1.345827430486679077e-02
1.316539291292428970e-02
2.410296909511089325e-02
1.053256168961524963e-02
1.781461574137210846e-02
1.406113803386688232e-02
2.180169336497783661e-02
9.885952807962894440e-03
1.114085782319307327e-02
1.220950763672590256e-02
1.325731910765171051e-02
1.870817318558692932e-02
1.607124321162700653e-02
1.496904436498880386e-02
1.295835804194211960e-02
1.160828955471515656e-02
9.993351995944976807e-03
6.996921729296445847e-03
2.507978677749633789e-02
1.048202533274888992e-02
1.410970557481050491e-02
1.821066252887248993e-02
2.385426498949527740e-02
2.458427846431732178e-02
2.026727050542831421e-02
1.932376623153686523e-02
1.668641343712806702e-02
2.392501756548881531e-02
1.350434310734272003e-02
1.931419409811496735e-02
2.468828111886978149e-02
2.275643311440944672e-02
1.357072778046131134e-02
1.485611125826835632e-02
2.460456825792789459e-02
2.755453251302242279e-02
2.877492085099220276e-02
8.695608004927635193e-03
6.599167827516794205e-03
1.059342455118894577e-02
1.070012059062719345e-02
9.297680109739303589e-03
1.995632797479629517e-02
2.216134779155254364e-02
2.208434976637363434e-02
1.621959172189235687e-02
1.162550318986177444e-02
1.592608168721199036e-02
7.989338599145412445e-03
1.076053176075220108e-02
1.273155864328145981e-02
2.061798609793186188e-02
1.443665102124214172e-02
1.553681399673223495e-02
1.848056539893150330e-02
2.087591029703617096e-02
9.674592874944210052e-03
4.506391473114490509e-03
1.413602847605943680e-02
8.490497246384620667e-03
1.286062225699424744e-02
1.226230990141630173e-02
3.441473841667175293e-02
1.479766704142093658e-02
5.757279228419065475e-03
8.052540011703968048e-03
8.656814694404602051e-03
1.291100215166807175e-02
2.305761538445949554e-02
1.416802965104579926e-02
9.986063465476036072e-03
1.196308992803096771e-02
1.574233919382095337e-02
2.072872593998908997e-02
9.315271861851215363e-03
1.165534462779760361e-02
1.116783358156681061e-02
1.147531997412443161e-02
1.653401553630828857e-02
1.746186614036560059e-02
9.781035594642162323e-03
1.738125085830688477e-02
1.093945372849702835e-02
1.104276999831199646e-02
1.349437888711690903e-02
7.769613992422819138e-03
5.724348593503236771e-03
1.866739243268966675e-02
1.020042970776557922e-02
1.130659971386194229e-02
8.268907666206359863e-03
9.879185818135738373e-03
1.111731864511966705e-02
1.438536960631608963e-02
2.324599586427211761e-02
2.513762190937995911e-02
9.114746004343032837e-03
1.057770941406488419e-02
7.319845724850893021e-03
1.656180433928966522e-02
1.482692174613475800e-02
5.685019772499799728e-03
3.449089825153350830e-02
1.989628560841083527e-02
2.052074857056140900e-02
9.074552915990352631e-03
1.267485413700342178e-02
1.092437282204627991e-02
2.610797248780727386e-02
1.088963169604539871e-02
6.948997732251882553e-03
2.273493260145187378e-02
7.547370623797178268e-03
1.636448316276073456e-02
1.020514685660600662e-02
7.435807026922702789e-03
1.353354658931493759e-02
1.528832502663135529e-02
2.575113810598850250e-02
7.503687404096126556e-03
9.167902171611785889e-03
2.354280091822147369e-02
7.190045434981584549e-03
8.317199535667896271e-03
1.251797564327716827e-02
1.479849684983491898e-02
1.102290768176317215e-02
1.536077540367841721e-02
4.984807688742876053e-03
6.109309848397970200e-03
9.816876612603664398e-03
1.347269862890243530e-02
1.665946468710899353e-02
2.880221419036388397e-02
3.228330053389072418e-03
1.528294850140810013e-02
1.306463312357664108e-02
1.914068870246410370e-02
1.000734418630599976e-02
2.019036002457141876e-02
1.482510846108198166e-02
1.123368553817272186e-02
6.844306364655494690e-03
1.436459179967641830e-02
9.742596186697483063e-03
2.129307948052883148e-02
1.521356962621212006e-02
1.325927209109067917e-02
6.814043503254652023e-03
1.293864101171493530e-02
6.188419647514820099e-03
6.421385332942008972e-03
7.311262656003236771e-03
2.273590117692947388e-02
8.417566306889057159e-03
1.972913183271884918e-02
1.008390542119741440e-02
1.977442391216754913e-02
2.213251590728759766e-02
7.437693420797586441e-03
1.167497411370277405e-02
2.682175301015377045e-02
6.403216626495122910e-03
8.460456505417823792e-03
1.297010481357574463e-02
1.195179577916860580e-02
9.338195435702800751e-03
1.136494707316160202e-02
1.678049378097057343e-02
8.185480721294879913e-03
1.074303407222032547e-02
1.651920937001705170e-02
2.069965377449989319e-02
9.490228258073329926e-03
1.963207498192787170e-02
1.331045851111412048e-02
1.129013486206531525e-02
5.067200865596532822e-03
1.538283377885818481e-02
1.110270060598850250e-02
2.838121168315410614e-02
1.182056497782468796e-02
1.188344322144985199e-02
1.535502541810274124e-02
2.101749554276466370e-02
1.117672212421894073e-02
1.071151997894048691e-02
7.522226311266422272e-03
1.494576036930084229e-02
1.289501227438449860e-02
5.903712939471006393e-03
4.068461712449789047e-03
2.016711607575416565e-02
1.542442291975021362e-02
1.063799206167459488e-02
3.424828872084617615e-03
1.138364989310503006e-02
3.072284534573554993e-02
7.039899006485939026e-03
3.010990843176841736e-02
1.826259121298789978e-02
6.955671124160289764e-03
5.910969339311122894e-03
8.097459562122821808e-03
1.865392364561557770e-02
6.678007543087005615e-03
1.884624548256397247e-02
1.375029794871807098e-02
6.797771435230970383e-03
8.424055762588977814e-03
1.525468379259109497e-02
1.494962722063064575e-02
1.358680333942174911e-02
2.001367881894111633e-02
1.551329623907804489e-02
9.465018287301063538e-03
5.945816170424222946e-03
2.305214852094650269e-02
1.873077079653739929e-02
9.166828356683254242e-03
9.333569556474685669e-03
1.437035016715526581e-02
1.135699450969696045e-02
1.146479044109582901e-02
1.027749571949243546e-02
1.052953675389289856e-02
1.720840111374855042e-02
