-1.077489405870437622e-01
-1.229181066155433655e-01
-6.805681437253952026e-02
-1.929778009653091431e-01
-5.708294361829757690e-02
-2.235135249793529510e-02
-3.375086188316345215e-02
-2.437013834714889526e-01
-4.468170180916786194e-02
4.517216980457305908e-02
7.943512755446135998e-04
6.061397120356559753e-02
-6.860566884279251099e-02
-4.107251390814781189e-02
4.354624450206756592e-02
-8.726102858781814575e-02
-2.156660407781600952e-01
-1.592959165573120117e-01
-1.569158397614955902e-02
-6.978379935026168823e-02
-1.796290725469589233e-01
-2.041814103722572327e-02
4.430764168500900269e-02
-1.573381870985031128e-01
-4.073137789964675903e-02
-1.830357462167739868e-01
1.798983849585056305e-02
-8.948377519845962524e-02
-4.336903244256973267e-02
-2.033141404390335083e-01
-1.708054915070533752e-02
1.442237645387649536e-01
-7.968898862600326538e-02
-1.848359704017639160e-01
-2.005615085363388062e-02
-4.382743313908576965e-02
-1.434976607561111450e-01
-1.572035253047943115e-02
6.297887116670608521e-02
-2.231581509113311768e-02
-1.469891965389251709e-01
-8.333017677068710327e-02
-1.567910015583038330e-01
1.802906021475791931e-02
8.319072425365447998e-03
1.125180646777153015e-01
-9.360069781541824341e-02
6.465803831815719604e-02
-1.351725757122039795e-01
-1.371995955705642700e-01
1.363495290279388428e-01
-1.030564233660697937e-01
-1.674578338861465454e-01
-2.069698870182037354e-01
-7.765620946884155273e-03
-1.780821196734905243e-02
1.122773885726928711e-01
-8.758790045976638794e-02
-1.876853555440902710e-01
2.471813000738620758e-02
-2.547871172428131104e-01
-1.413026154041290283e-01
-9.159126877784729004e-02
-1.612941920757293701e-01
8.703967556357383728e-03
-2.044619321823120117e-01
-4.204691201448440552e-02
-7.632905989885330200e-02
-5.222309753298759460e-02
-2.867965726181864738e-03
-4.243279248476028442e-02
1.541091799736022949e-01
6.640999764204025269e-02
-7.327208667993545532e-02
-9.350816160440444946e-02
-2.262163721024990082e-02
-1.796975284814834595e-01
1.289734058082103729e-02
4.652535915374755859e-02
-1.007649004459381104e-01
-6.523786485195159912e-02
8.820152841508388519e-03
-1.200530771166086197e-02
5.757381021976470947e-02
-5.709075927734375000e-02
-6.666985154151916504e-02
-2.275294251739978790e-02
-8.803268522024154663e-02
-1.922020874917507172e-02
9.150034934282302856e-02
2.122402377426624298e-02
-2.865751683712005615e-01
-1.851038038730621338e-01
6.306194514036178589e-02
-3.250329196453094482e-02
1.058326754719018936e-02
-1.627399027347564697e-02
-1.374743282794952393e-01
-2.083969488739967346e-02
3.997216746211051941e-02
3.819362074136734009e-02
-1.581536829471588135e-01
-2.422990277409553528e-02
-1.042816136032342911e-02
-2.531344071030616760e-02
-7.089317310601472855e-03
-8.224201202392578125e-02
-2.871167846024036407e-03
1.681045442819595337e-02
-1.327632665634155273e-01
-6.394274532794952393e-02
8.317935466766357422e-02
-6.658767908811569214e-02
-8.000010624527931213e-03
-4.591663554310798645e-02
4.501720517873764038e-02
-1.013338714838027954e-01
-6.295157223939895630e-02
-6.294021010398864746e-02
-1.361391395330429077e-01
-5.000235140323638916e-02
-4.877428710460662842e-02
1.090492978692054749e-01
-6.999056786298751831e-02
-8.014713972806930542e-02
-1.030258685350418091e-01
-2.775675430893898010e-02
-1.242232918739318848e-01
-5.850185081362724304e-02
-2.633622661232948303e-02
-3.712118789553642273e-02
-6.782569736242294312e-02
-1.683351546525955200e-01
1.224397215992212296e-02
3.819160908460617065e-02
-7.230965420603752136e-03
-4.238124564290046692e-02
-8.637984842061996460e-02
-5.778307560831308365e-03
9.694296866655349731e-02
-2.232126891613006592e-01
2.506874129176139832e-02
-2.984011545777320862e-02
-1.257532555609941483e-02
5.305897071957588196e-02
-2.008767724037170410e-01
-2.211572974920272827e-01
-2.150600776076316833e-03
3.961728513240814209e-02
-2.853431738913059235e-03
-1.376801580190658569e-01
2.264128439128398895e-02
1.951841637492179871e-02
-1.747366189956665039e-01
6.187584251165390015e-02
-1.538264602422714233e-01
-8.958806097507476807e-02
7.578376680612564087e-02
-4.612581059336662292e-02
1.136881997808814049e-03
-7.870669662952423096e-02
-8.772706985473632812e-02
-2.202798426151275635e-01
-4.314306005835533142e-02
7.425627857446670532e-02
-1.289123594760894775e-01
-9.602165222167968750e-02
-8.408252894878387451e-02
5.810677260160446167e-02
-1.058527082204818726e-01
-1.513273268938064575e-01
-8.338794112205505371e-02
3.565099462866783142e-02
-9.171773493289947510e-02
6.407554447650909424e-02
5.951856449246406555e-02
-1.209980472922325134e-01
-2.758573554456233978e-02
3.762107715010643005e-02
-9.965103119611740112e-03
-1.370356082916259766e-01
-9.620103985071182251e-02
-2.813924252986907959e-01
-1.033021956682205200e-01
-4.373200982809066772e-02
-3.382424637675285339e-02
-5.914575234055519104e-02
-6.907935440540313721e-02
-8.834964036941528320e-02
-4.852882027626037598e-02
7.478357106447219849e-02
-3.780912980437278748e-02
-4.776633903384208679e-02
1.892315037548542023e-02
-5.464767292141914368e-02
-1.448091492056846619e-02
3.315175324678421021e-02
-5.925615504384040833e-02
2.250106073915958405e-02
-1.373676210641860962e-01
-1.181198060512542725e-01
5.590544641017913818e-02
2.224832028150558472e-02
-2.063230611383914948e-03
-9.535162150859832764e-02
-4.169888049364089966e-02
7.988440990447998047e-02
-1.447399407625198364e-01
-2.965033985674381256e-02
-9.554754197597503662e-02
5.977378040552139282e-02
7.322526723146438599e-02
-7.423559669405221939e-03
4.019366577267646790e-02
-2.220932766795158386e-02
7.466019690036773682e-02
1.122012920677661896e-02
1.269890367984771729e-01
-2.739693596959114075e-02
-5.367046222090721130e-03
1.487840060144662857e-02
-2.628970891237258911e-02
-3.730390965938568115e-02
-9.705117344856262207e-02
7.492545992136001587e-02
-1.377197504043579102e-01
-1.877051144838333130e-01
-6.375382095575332642e-02
-1.487188041210174561e-01
-9.851006790995597839e-03
-2.750933729112148285e-02
1.118577551096677780e-03
-4.039966687560081482e-02
5.556891858577728271e-02
-1.119789928197860718e-01
-1.672704815864562988e-01
4.015576839447021484e-02
-1.795208305120468140e-01
6.764367222785949707e-02
2.202381938695907593e-02
-8.126588165760040283e-02
9.185104817152023315e-02
-4.020435735583305359e-02
1.923977583646774292e-02
3.337680827826261520e-03
-2.197857946157455444e-02
-1.673382073640823364e-01
-1.086562499403953552e-01
-1.024668738245964050e-01
4.761475324630737305e-02
-1.374357342720031738e-01
5.815617274492979050e-03
-7.723327726125717163e-02
-4.451671242713928223e-02
1.440145447850227356e-02
-1.148514226078987122e-01
