-6.163040399551391602e-01
-7.109545469284057617e-01
-4.544020593166351318e-01
-6.142548918724060059e-01
-7.874937653541564941e-01
-5.288928747177124023e-01
-6.214326620101928711e-01
-5.824207067489624023e-01
-4.066518545150756836e-01
-5.256265997886657715e-01
-5.124984979629516602e-01
-5.337224006652832031e-01
-5.657898187637329102e-01
-6.844827532768249512e-01
-5.146492123603820801e-01
-6.323070526123046875e-01
-5.391498208045959473e-01
-6.837864518165588379e-01
-6.577449440956115723e-01
-4.716346263885498047e-01
-5.249320268630981445e-01
-4.058842957019805908e-01
-6.027983427047729492e-01
-5.246388316154479980e-01
-8.913064599037170410e-01
-6.528379321098327637e-01
-5.048057436943054199e-01
-5.008399486541748047e-01
-5.066581368446350098e-01
-5.972849726676940918e-01
-5.524459481239318848e-01
-6.382547020912170410e-01
-6.781615614891052246e-01
-7.262617349624633789e-01
-5.724606513977050781e-01
-6.455927491188049316e-01
-7.138437628746032715e-01
-6.145774722099304199e-01
-5.346162319183349609e-01
-5.176993608474731445e-01
-4.592621922492980957e-01
-6.618131399154663086e-01
-5.112627744674682617e-01
-5.810293555259704590e-01
-6.243620514869689941e-01
-5.530850887298583984e-01
-5.563082695007324219e-01
-5.481263399124145508e-01
-6.089078187942504883e-01
-4.625839591026306152e-01
-7.310585379600524902e-01
-6.631770133972167969e-01
-6.316388249397277832e-01
-7.380784749984741211e-01
-6.136887073516845703e-01
-6.237035989761352539e-01
-4.964489936828613281e-01
-4.489089250564575195e-01
-6.427521705627441406e-01
-5.968253016471862793e-01
-5.530370473861694336e-01
-3.821752965450286865e-01
-6.109501123428344727e-01
-4.530294537544250488e-01
-4.679316282272338867e-01
-5.221241712570190430e-01
-6.355630159378051758e-01
-4.860593378543853760e-01
-7.772056460380554199e-01
-5.096349120140075684e-01
-5.782266259193420410e-01
-7.053872942924499512e-01
-6.667340397834777832e-01
-6.244295239448547363e-01
-7.291901707649230957e-01
-7.311161756515502930e-01
-6.556829810142517090e-01
-6.871497631072998047e-01
-6.766918301582336426e-01
-5.566859841346740723e-01
-6.058933734893798828e-01
-6.679936647415161133e-01
-7.161709070205688477e-01
-6.105169653892517090e-01
-5.778464674949645996e-01
-6.501390933990478516e-01
-6.247926950454711914e-01
-1.075139164924621582e+00
-6.763702630996704102e-01
-7.277249693870544434e-01
-5.838362574577331543e-01
-5.171916484832763672e-01
-6.578301787376403809e-01
-6.765368580818176270e-01
-7.827557921409606934e-01
-5.213140249252319336e-01
-5.852041840553283691e-01
-6.051338911056518555e-01
-6.173847913742065430e-01
-6.495296359062194824e-01
-7.123271822929382324e-01
-6.939851641654968262e-01
-5.531926751136779785e-01
-6.595395803451538086e-01
-5.405990481376647949e-01
-7.931105494499206543e-01
-5.718178749084472656e-01
-5.847464203834533691e-01
-6.132274270057678223e-01
-6.934512853622436523e-01
-6.868472099304199219e-01
-6.694335937500000000e-01
-5.327522754669189453e-01
-6.436064839363098145e-01
-6.819837689399719238e-01
1.094304561614990234e+00
-7.217944264411926270e-01
-5.527140498161315918e-01
-6.364163756370544434e-01
-7.036086916923522949e-01
-4.953840076923370361e-01
-7.241627573966979980e-01
-5.977131128311157227e-01
-4.918314814567565918e-01
-6.129869818687438965e-01
-5.661584734916687012e-01
-5.605914592742919922e-01
-5.215960144996643066e-01
-6.228980422019958496e-01
-6.632218956947326660e-01
-6.877986192703247070e-01
-5.283952951431274414e-01
-6.767457723617553711e-01
-6.876518130302429199e-01
-4.908814132213592529e-01
-5.646377205848693848e-01
-5.311557054519653320e-01
-5.946343541145324707e-01
-4.761381745338439941e-01
-4.789726436138153076e-01
-4.376749098300933838e-01
-5.075418949127197266e-01
-7.755004167556762695e-01
-6.303039193153381348e-01
-7.137679457664489746e-01
-6.351277828216552734e-01
-4.866552948951721191e-01
-6.949439048767089844e-01
-5.840556621551513672e-01
-5.315430164337158203e-01
-7.749500274658203125e-01
-4.143421351909637451e-01
-6.275455951690673828e-01
-7.366239428520202637e-01
-4.332480132579803467e-01
-5.265151262283325195e-01
-5.595850944519042969e-01
-7.053744196891784668e-01
-5.708164572715759277e-01
-6.827859878540039062e-01
-5.688872933387756348e-01
-6.370495557785034180e-01
-6.888298392295837402e-01
-6.579533219337463379e-01
-7.045052647590637207e-01
-5.881146192550659180e-01
-5.664329528808593750e-01
-7.268060445785522461e-01
-4.532581567764282227e-01
-5.892143845558166504e-01
-3.759495615959167480e-01
-5.605852007865905762e-01
-4.196100831031799316e-01
-6.223403811454772949e-01
-5.858249068260192871e-01
-6.232975721359252930e-01
-5.598631501197814941e-01
-6.125625371932983398e-01
-6.091625094413757324e-01
-5.808476805686950684e-01
-6.015508770942687988e-01
-6.787778139114379883e-01
-6.250615119934082031e-01
-5.952920913696289062e-01
-6.110508441925048828e-01
-5.538955926895141602e-01
-6.734473109245300293e-01
-7.272407412528991699e-01
-6.096551418304443359e-01
-5.319320559501647949e-01
-6.153663992881774902e-01
-6.616229414939880371e-01
-5.250506401062011719e-01
-7.204173207283020020e-01
-5.141326189041137695e-01
-5.326662063598632812e-01
4.232565462589263916e-01
-5.529481768608093262e-01
-5.241747498512268066e-01
-6.593458652496337891e-01
-4.511492550373077393e-01
-6.349247694015502930e-01
-3.456105589866638184e-01
-6.630904078483581543e-01
-5.919559597969055176e-01
-5.972521305084228516e-01
-6.211175918579101562e-01
-7.119544744491577148e-01
-6.313638687133789062e-01
-5.039585828781127930e-01
-6.515978574752807617e-01
-6.549619436264038086e-01
-7.142193913459777832e-01
-5.807663798332214355e-01
-6.788563132286071777e-01
-6.201038956642150879e-01
-4.061413407325744629e-01
-5.924767255783081055e-01
-5.558075308799743652e-01
-5.571228861808776855e-01
-4.889082014560699463e-01
-5.364693403244018555e-01
-5.811873078346252441e-01
-4.340321719646453857e-01
-6.514907479286193848e-01
-7.659277319908142090e-01
-7.258125543594360352e-01
-6.002973914146423340e-01
-5.486444234848022461e-01
-5.735704302787780762e-01
-6.738820672035217285e-01
-7.918025851249694824e-01
-7.039809823036193848e-01
-7.295870780944824219e-01
-5.405158996582031250e-01
-7.657865881919860840e-01
-7.978693246841430664e-01
-4.340288341045379639e-01
-4.951177537441253662e-01
-6.078387498855590820e-01
-5.947474241256713867e-01
-4.997074604034423828e-01
-6.276903748512268066e-01
-7.792245745658874512e-01
-5.649062991142272949e-01
-5.367981195449829102e-01
-5.487095117568969727e-01
-4.484316706657409668e-01
-5.827219486236572266e-01
-6.599505543708801270e-01
-6.217318773269653320e-01
-4.814279675483703613e-01
-5.351475477218627930e-01
-7.169825434684753418e-01
-6.168038249015808105e-01
-5.111151337623596191e-01
-5.243076682090759277e-01
-5.334649682044982910e-01
-5.806586742401123047e-01
-5.547202229499816895e-01
-6.503226161003112793e-01
-4.586603045463562012e-01
-5.208702683448791504e-01
-6.061803102493286133e-01
-6.172500252723693848e-01
-5.516094565391540527e-01
-6.006153225898742676e-01
-6.238920688629150391e-01
-5.478262901306152344e-01
-4.162959754467010498e-01
-4.006344079971313477e-01
-6.529031991958618164e-01
-6.296007633209228516e-01
-6.284800767898559570e-01
-6.953893303871154785e-01
-6.961712241172790527e-01
-6.199665665626525879e-01
-6.101219058036804199e-01
-7.406376600265502930e-01
-5.545271635055541992e-01
-6.118203401565551758e-01
-4.560716450214385986e-01
-7.018858194351196289e-01
-4.927712380886077881e-01
-6.740540862083435059e-01
-5.356256365776062012e-01
-5.084332227706909180e-01
-5.760405659675598145e-01
-7.813851237297058105e-01
-6.066882014274597168e-01
-5.648608207702636719e-01
-7.066674828529357910e-01
-5.240166783332824707e-01
-5.461313128471374512e-01
-6.110090017318725586e-01
-4.931076467037200928e-01
-5.835551023483276367e-01
-5.621984601020812988e-01
-6.458795070648193359e-01
-6.307805776596069336e-01
-9.025018811225891113e-01
-7.853912115097045898e-01
-5.652730464935302734e-01
-7.292841076850891113e-01
-5.926012396812438965e-01
-5.591853857040405273e-01
-7.440472245216369629e-01
-7.482358217239379883e-01
-6.664298176765441895e-01
-7.047762274742126465e-01
-7.439409494400024414e-01
-5.878208279609680176e-01
-8.027866482734680176e-01
-6.192169189453125000e-01
-4.615558981895446777e-01
-5.854905247688293457e-01
-6.741500496864318848e-01
-7.887630462646484375e-01
-6.650888919830322266e-01
-3.682685792446136475e-01
-6.134327650070190430e-01
-4.842490851879119873e-01
-3.682274222373962402e-01
-6.536254882812500000e-01
-7.631353735923767090e-01
-6.091992259025573730e-01
-4.839143455028533936e-01
-6.506563425064086914e-01
-3.905136883258819580e-01
-6.862407326698303223e-01
-4.401219785213470459e-01
-6.525242328643798828e-01
-5.655674934387207031e-01
-6.716974377632141113e-01
-7.420928478240966797e-01
-7.228707671165466309e-01
-4.674011468887329102e-01
-5.751186609268188477e-01
-5.510603785514831543e-01
-5.585879683494567871e-01
-5.558317303657531738e-01
-4.955758452415466309e-01
-7.403040528297424316e-01
-6.854866147041320801e-01
-3.486399054527282715e-01
-6.537140011787414551e-01
-4.844097495079040527e-01
-6.348927021026611328e-01
-5.598220229148864746e-01
-5.947511196136474609e-01
-4.811555147171020508e-01
-5.333601832389831543e-01
-5.976172685623168945e-01
-6.261486411094665527e-01
-6.772298812866210938e-01
-7.515655159950256348e-01
-5.493155121803283691e-01
-3.515515625476837158e-01
-5.009013414382934570e-01
-6.872107386589050293e-01
-5.960259437561035156e-01
-7.014553546905517578e-01
-7.018485665321350098e-01
-6.167250275611877441e-01
-6.466796398162841797e-01
-6.626184582710266113e-01
-6.280207633972167969e-01
-5.683397054672241211e-01
-4.376107752323150635e-01
-5.755396485328674316e-01
-4.337101876735687256e-01
-7.239700555801391602e-01
-6.437543034553527832e-01
-7.461848855018615723e-01
-5.832111239433288574e-01
-4.346034228801727295e-01
-4.831432104110717773e-01
-7.087121605873107910e-01
-6.291894316673278809e-01
-5.748248696327209473e-01
-6.451582312583923340e-01
-6.257281303405761719e-01
-5.395914316177368164e-01
-6.185906529426574707e-01
-6.351945400238037109e-01
-8.040030598640441895e-01
-6.862855553627014160e-01
-5.090293288230895996e-01
-5.783204436302185059e-01
-4.635224342346191406e-01
-6.625705957412719727e-01
-6.056715846061706543e-01
-5.455095767974853516e-01
-6.903272271156311035e-01
-4.255660474300384521e-01
-6.280133724212646484e-01
-6.004663109779357910e-01
-6.254407763481140137e-01
-6.561355590820312500e-01
-6.310899853706359863e-01
6.998612731695175171e-02
-5.386255979537963867e-01
-6.302970051765441895e-01
-6.126239895820617676e-01
-5.625144839286804199e-01
-7.177457213401794434e-01
-7.149684429168701172e-01
-4.435189068317413330e-01
-5.034018158912658691e-01
-4.601178467273712158e-01
-7.134332060813903809e-01
-6.044554114341735840e-01
-6.174522638320922852e-01
-1.311457306146621704e-01
-4.606104493141174316e-01
-5.278552770614624023e-01
-4.703035652637481689e-01
-6.170289516448974609e-01
-5.399484634399414062e-01
-6.533446907997131348e-01
-4.893369376659393311e-01
-6.053712368011474609e-01
-5.827562212944030762e-01
-4.321199357509613037e-01
-5.589904785156250000e-01
-6.120796799659729004e-01
-4.322173297405242920e-01
-5.652271509170532227e-01
-5.552334785461425781e-01
-5.526953935623168945e-01
-7.014085054397583008e-01
-8.306579589843750000e-01
-7.236459255218505859e-01
-5.809124112129211426e-01
-5.888856053352355957e-01
-3.087339103221893311e-01
-5.080602169036865234e-01
-6.251202821731567383e-01
-5.051653981208801270e-01
-5.976855158805847168e-01
-4.823696017265319824e-01
-5.810552239418029785e-01
-5.692110061645507812e-01
-5.515782237052917480e-01
-7.364891171455383301e-01
-5.497531890869140625e-01
-6.327320933341979980e-01
-5.068804621696472168e-01
-7.375905513763427734e-01
-6.093417406082153320e-01
-4.489108622074127197e-01
-4.149756431579589844e-01
-8.243865370750427246e-01
-6.467076539993286133e-01
-6.520885229110717773e-01
-7.902525663375854492e-01
-5.505887269973754883e-01
-5.928431153297424316e-01
-5.615873932838439941e-01
-5.243866443634033203e-01
-7.686503529548645020e-01
-4.464184343814849854e-01
-5.756459236145019531e-01
-6.635034084320068359e-01
-8.333240151405334473e-01
-5.848736763000488281e-01
-6.491962671279907227e-01
-6.747014522552490234e-01
-5.918400883674621582e-01
-7.004421949386596680e-01
-5.708852410316467285e-01
-6.782343983650207520e-01
-5.676853060722351074e-01
-5.274124741554260254e-01
-6.032208204269409180e-01
-7.328512072563171387e-01
-7.639333009719848633e-01
-7.142339944839477539e-01
-5.434005856513977051e-01
-5.953750014305114746e-01
-3.667223453521728516e-01
-8.357454538345336914e-01
-5.957968831062316895e-01
-5.528253912925720215e-01
-7.044692635536193848e-01
-7.304759025573730469e-01
-5.834191441535949707e-01
-6.888025999069213867e-01
-6.294948458671569824e-01
-4.670727252960205078e-01
-4.950029253959655762e-01
-3.885630965232849121e-01
-7.052461504936218262e-01
-7.428460717201232910e-01
-4.396541416645050049e-01
-6.197061538696289062e-01
-6.043986678123474121e-01
-7.212612032890319824e-01
-7.725760936737060547e-01
-5.705277323722839355e-01
-5.342922806739807129e-01
-6.056207418441772461e-01
-5.059452652931213379e-01
-7.181374430656433105e-01
-6.811562776565551758e-01
-6.400361657142639160e-01
-6.279765367507934570e-01
-6.754968166351318359e-01
-6.645346283912658691e-01
-6.709199547767639160e-01
-6.786712408065795898e-01
-7.700068950653076172e-01
