1.841924428939819336e+00
1.830664873123168945e+00
1.765043973922729492e+00
1.828764081001281738e+00
1.950484633445739746e+00
1.802649021148681641e+00
1.953559994697570801e+00
2.278974533081054688e+00
1.766215920448303223e+00
1.890235900878906250e+00
1.776847958564758301e+00
1.774939298629760742e+00
1.905522227287292480e+00
1.732813000679016113e+00
1.876214146614074707e+00
1.821127057075500488e+00
1.796656012535095215e+00
2.342822313308715820e+00
1.798536419868469238e+00
1.727121472358703613e+00
1.791494607925415039e+00
1.951207637786865234e+00
1.892834186553955078e+00
1.901748180389404297e+00
1.878426790237426758e+00
1.980947256088256836e+00
1.856939315795898438e+00
1.783045411109924316e+00
1.891100168228149414e+00
1.885942578315734863e+00
1.776434063911437988e+00
1.983202695846557617e+00
1.838903546333312988e+00
1.761561989784240723e+00
1.872802734375000000e+00
1.875332236289978027e+00
1.900777935981750488e+00
1.820872306823730469e+00
1.703864216804504395e+00
1.737742066383361816e+00
1.778556704521179199e+00
1.694389939308166504e+00
1.782871246337890625e+00
1.781527400016784668e+00
1.759392380714416504e+00
1.842760920524597168e+00
1.923818469047546387e+00
2.087056398391723633e+00
1.898015022277832031e+00
1.841299176216125488e+00
1.847065448760986328e+00
1.858356118202209473e+00
1.764044761657714844e+00
1.845286846160888672e+00
1.760567307472229004e+00
1.950369715690612793e+00
1.961970448493957520e+00
1.875450730323791504e+00
1.942396163940429688e+00
1.873090386390686035e+00
1.867402076721191406e+00
1.942193269729614258e+00
1.874983549118041992e+00
1.920789837837219238e+00
1.746412754058837891e+00
1.855830788612365723e+00
1.653877258300781250e+00
2.066048860549926758e+00
2.029758691787719727e+00
1.917397499084472656e+00
1.897196531295776367e+00
1.758859634399414062e+00
1.755070090293884277e+00
1.955983161926269531e+00
1.790850639343261719e+00
1.797098278999328613e+00
1.785073637962341309e+00
1.773337841033935547e+00
1.806138277053833008e+00
1.794901013374328613e+00
1.816863894462585449e+00
1.808875203132629395e+00
1.864093542098999023e+00
2.154163360595703125e+00
1.773893594741821289e+00
1.791333317756652832e+00
1.802216291427612305e+00
1.715502381324768066e+00
1.767918229103088379e+00
1.770428895950317383e+00
1.626640677452087402e+00
1.864491939544677734e+00
1.907618880271911621e+00
1.857551097869873047e+00
1.692415952682495117e+00
1.802022814750671387e+00
1.709990262985229492e+00
1.771347403526306152e+00
1.857233881950378418e+00
1.710325598716735840e+00
2.066400051116943359e+00
1.905367970466613770e+00
1.942188262939453125e+00
1.807758569717407227e+00
1.741196274757385254e+00
1.606142878532409668e+00
1.910464048385620117e+00
1.894664883613586426e+00
1.795413613319396973e+00
1.898920416831970215e+00
1.823906421661376953e+00
1.761872410774230957e+00
1.795083522796630859e+00
1.814885616302490234e+00
1.853914618492126465e+00
1.850158095359802246e+00
1.709520697593688965e+00
2.183056831359863281e+00
1.859895944595336914e+00
1.825197458267211914e+00
1.819331407546997070e+00
1.846032381057739258e+00
1.796819567680358887e+00
1.622874259948730469e+00
1.844986081123352051e+00
1.829044938087463379e+00
1.870637774467468262e+00
1.929315686225891113e+00
1.688099145889282227e+00
1.972520351409912109e+00
1.898131132125854492e+00
1.892509818077087402e+00
1.885119557380676270e+00
1.844526410102844238e+00
1.976428151130676270e+00
2.067388534545898438e+00
1.838374495506286621e+00
1.841449379920959473e+00
1.876243710517883301e+00
1.793084263801574707e+00
1.713145494461059570e+00
1.964416503906250000e+00
1.785415887832641602e+00
1.936923027038574219e+00
1.897213339805603027e+00
1.893970012664794922e+00
1.870030283927917480e+00
1.796662449836730957e+00
1.877476692199707031e+00
1.940897345542907715e+00
1.739147901535034180e+00
1.794371604919433594e+00
1.967792391777038574e+00
1.767767190933227539e+00
1.685111761093139648e+00
1.941390275955200195e+00
1.966294646263122559e+00
1.988168239593505859e+00
1.791470408439636230e+00
1.814118981361389160e+00
1.832476139068603516e+00
2.120045661926269531e+00
1.925579547882080078e+00
2.359169006347656250e+00
2.030399084091186523e+00
1.959443688392639160e+00
1.733414649963378906e+00
1.904848814010620117e+00
1.822145342826843262e+00
1.781100392341613770e+00
1.908426403999328613e+00
1.805346727371215820e+00
1.917100548744201660e+00
1.964421987533569336e+00
1.825583934783935547e+00
1.643215298652648926e+00
1.917313933372497559e+00
1.909381031990051270e+00
1.992279529571533203e+00
1.796252369880676270e+00
1.907689332962036133e+00
1.761856198310852051e+00
2.172371625900268555e+00
1.793135046958923340e+00
1.756431341171264648e+00
1.888935446739196777e+00
1.983240127563476562e+00
1.913612723350524902e+00
1.803542852401733398e+00
1.841858506202697754e+00
1.827796697616577148e+00
1.805722355842590332e+00
1.906258344650268555e+00
1.864566206932067871e+00
1.784804463386535645e+00
1.823046922683715820e+00
1.798622965812683105e+00
1.709147930145263672e+00
1.772384881973266602e+00
1.793931603431701660e+00
1.761125326156616211e+00
1.932543158531188965e+00
2.016203165054321289e+00
1.729540228843688965e+00
2.019571065902709961e+00
1.887599110603332520e+00
1.832457542419433594e+00
1.822479963302612305e+00
1.786975145339965820e+00
1.916026473045349121e+00
1.719692707061767578e+00
1.716986775398254395e+00
1.913315534591674805e+00
1.776953697204589844e+00
1.994338393211364746e+00
1.838863134384155273e+00
1.806998252868652344e+00
1.851588606834411621e+00
1.785701751708984375e+00
1.964763760566711426e+00
1.955313563346862793e+00
1.923160672187805176e+00
1.808590531349182129e+00
1.811359524726867676e+00
1.714114189147949219e+00
1.805773854255676270e+00
1.853172421455383301e+00
1.925512075424194336e+00
1.768151998519897461e+00
1.831434607505798340e+00
1.849486351013183594e+00
1.829581737518310547e+00
1.827823281288146973e+00
1.881891369819641113e+00
1.769794464111328125e+00
1.783834695816040039e+00
1.780722379684448242e+00
1.997369527816772461e+00
1.699350476264953613e+00
1.948276162147521973e+00
1.779277086257934570e+00
1.802874445915222168e+00
2.221012115478515625e+00
1.645528197288513184e+00
1.835701704025268555e+00
2.170646190643310547e+00
1.920385599136352539e+00
1.741420269012451172e+00
1.780923247337341309e+00
1.864751219749450684e+00
1.914508938789367676e+00
1.884929180145263672e+00
1.834562778472900391e+00
1.936826586723327637e+00
1.816904783248901367e+00
2.230180025100708008e+00
1.826200962066650391e+00
2.065089702606201172e+00
1.988801717758178711e+00
1.816872715950012207e+00
1.846173524856567383e+00
1.968134045600891113e+00
1.808323383331298828e+00
1.859548091888427734e+00
1.853902697563171387e+00
1.769876480102539062e+00
1.900065779685974121e+00
1.728546738624572754e+00
1.755268335342407227e+00
1.892440915107727051e+00
1.782869458198547363e+00
1.942767262458801270e+00
1.872420310974121094e+00
1.722779750823974609e+00
2.054823637008666992e+00
1.773247241973876953e+00
1.856060862541198730e+00
1.769876956939697266e+00
1.926941752433776855e+00
1.817066907882690430e+00
2.407539129257202148e+00
1.725656628608703613e+00
1.781858086585998535e+00
1.724360466003417969e+00
1.852108001708984375e+00
1.830182909965515137e+00
1.879742383956909180e+00
1.761716961860656738e+00
1.965019702911376953e+00
1.980732440948486328e+00
1.710235714912414551e+00
1.748623251914978027e+00
1.835037827491760254e+00
1.991866230964660645e+00
1.850481152534484863e+00
1.899952888488769531e+00
1.826904535293579102e+00
1.978723526000976562e+00
1.763464212417602539e+00
1.607073307037353516e+00
1.799797415733337402e+00
1.954520702362060547e+00
1.734773159027099609e+00
1.713989615440368652e+00
1.885144829750061035e+00
1.798079371452331543e+00
1.910030126571655273e+00
1.831535577774047852e+00
1.786438345909118652e+00
1.916498661041259766e+00
1.883893251419067383e+00
1.901720046997070312e+00
1.933394789695739746e+00
1.740484476089477539e+00
1.766093254089355469e+00
1.801504492759704590e+00
1.998719692230224609e+00
1.762174010276794434e+00
1.910709500312805176e+00
1.844371080398559570e+00
1.712762475013732910e+00
1.872554659843444824e+00
1.852909684181213379e+00
1.926968455314636230e+00
1.876937508583068848e+00
1.726094603538513184e+00
1.839320182800292969e+00
1.907535910606384277e+00
1.795326948165893555e+00
1.824615478515625000e+00
1.760533332824707031e+00
2.047017812728881836e+00
1.922079324722290039e+00
1.920473933219909668e+00
1.890971541404724121e+00
1.766608715057373047e+00
1.680096268653869629e+00
1.830829977989196777e+00
1.884494066238403320e+00
1.833918333053588867e+00
1.823766469955444336e+00
1.761640787124633789e+00
1.611357688903808594e+00
1.841054677963256836e+00
1.743720293045043945e+00
1.842343926429748535e+00
1.953970551490783691e+00
1.746498465538024902e+00
1.774127006530761719e+00
1.874640822410583496e+00
1.885599613189697266e+00
1.773955464363098145e+00
1.760334968566894531e+00
1.768240809440612793e+00
1.839620471000671387e+00
1.686925768852233887e+00
1.808025002479553223e+00
1.883638620376586914e+00
1.828299403190612793e+00
1.834092259407043457e+00
1.852178573608398438e+00
1.974879026412963867e+00
1.870676517486572266e+00
1.771899938583374023e+00
1.899318337440490723e+00
1.810824036598205566e+00
1.847982048988342285e+00
1.826671123504638672e+00
1.873141169548034668e+00
1.957556128501892090e+00
1.834721565246582031e+00
1.950948834419250488e+00
1.964091658592224121e+00
1.799669265747070312e+00
1.765216708183288574e+00
1.925279021263122559e+00
1.712602019309997559e+00
1.755079269409179688e+00
1.942656159400939941e+00
1.855906605720520020e+00
1.916284322738647461e+00
1.768074035644531250e+00
1.780291557312011719e+00
1.850016593933105469e+00
1.853546738624572754e+00
1.886460423469543457e+00
1.759878158569335938e+00
2.069205999374389648e+00
1.802135109901428223e+00
1.707731723785400391e+00
1.889028310775756836e+00
1.945721387863159180e+00
1.851559281349182129e+00
1.788223147392272949e+00
1.835622549057006836e+00
1.847208619117736816e+00
1.670773148536682129e+00
1.743473887443542480e+00
1.908000826835632324e+00
1.965259790420532227e+00
2.040063619613647461e+00
1.893518090248107910e+00
1.844987273216247559e+00
1.753581881523132324e+00
1.773277401924133301e+00
1.813463330268859863e+00
1.853431105613708496e+00
1.936761975288391113e+00
1.734786391258239746e+00
1.873796820640563965e+00
1.963244557380676270e+00
1.903311133384704590e+00
1.742211937904357910e+00
1.784245967864990234e+00
1.851612806320190430e+00
2.021754741668701172e+00
1.704387426376342773e+00
1.879296779632568359e+00
1.865480184555053711e+00
1.851599097251892090e+00
1.800211191177368164e+00
1.868684053421020508e+00
1.846038818359375000e+00
1.758945465087890625e+00
1.817399263381958008e+00
1.982991933822631836e+00
1.903377652168273926e+00
2.122153282165527344e+00
1.846036791801452637e+00
1.920870304107666016e+00
1.889302730560302734e+00
1.942176222801208496e+00
1.848934054374694824e+00
1.839559674263000488e+00
1.995322823524475098e+00
2.086452007293701172e+00
1.825274229049682617e+00
1.769958615303039551e+00
1.803460359573364258e+00
1.753474354743957520e+00
1.892260909080505371e+00
1.862024307250976562e+00
1.862720251083374023e+00
1.726407885551452637e+00
1.814006090164184570e+00
1.961330056190490723e+00
1.881198883056640625e+00
1.872903823852539062e+00
2.005015373229980469e+00
1.709180355072021484e+00
1.772615075111389160e+00
1.940960407257080078e+00
1.838085532188415527e+00
1.836618781089782715e+00
1.727631807327270508e+00
1.879583120346069336e+00
1.754792928695678711e+00
1.953582525253295898e+00
1.806152462959289551e+00
1.888336896896362305e+00
2.027815580368041992e+00
1.877467989921569824e+00
1.944567441940307617e+00
1.867612242698669434e+00
1.842293500900268555e+00
1.779833436012268066e+00
1.940317511558532715e+00
1.837510824203491211e+00
2.047343492507934570e+00
1.950709700584411621e+00
1.833740949630737305e+00
1.818419456481933594e+00
1.779133319854736328e+00
1.899275422096252441e+00
1.878100156784057617e+00
1.869082927703857422e+00
1.849270105361938477e+00
1.762251496315002441e+00
1.945750474929809570e+00
1.756408333778381348e+00
1.744829535484313965e+00
1.863340497016906738e+00
1.686285853385925293e+00
1.806160092353820801e+00
1.870200634002685547e+00
2.004784584045410156e+00
1.850444197654724121e+00
1.896377563476562500e+00
1.948874592781066895e+00
1.826358795166015625e+00
1.901901841163635254e+00
1.819592714309692383e+00
1.971231222152709961e+00
1.896917343139648438e+00
1.865206122398376465e+00
1.870859980583190918e+00
1.698376893997192383e+00
1.867711544036865234e+00
1.884631276130676270e+00
1.925567865371704102e+00
1.861967682838439941e+00
1.636646270751953125e+00
1.843372702598571777e+00
1.750554203987121582e+00
1.843847274780273438e+00
1.578803300857543945e+00
1.931623101234436035e+00
1.953484177589416504e+00
1.787848353385925293e+00
1.735446572303771973e+00
2.091964006423950195e+00
1.945582866668701172e+00
