-1.395274791866540909e-02
-5.003092065453529358e-02
-4.332336783409118652e-02
-1.591408625245094299e-02
-4.611186683177947998e-02
-2.347255870699882507e-02
-2.542885206639766693e-02
-3.378348052501678467e-02
5.166486278176307678e-02
-3.532459586858749390e-02
-3.755540028214454651e-02
-1.335301995277404785e-02
-3.401212021708488464e-02
-2.870946191251277924e-03
-4.381414502859115601e-02
-2.642393670976161957e-02
-3.098727017641067505e-02
-9.118312597274780273e-02
1.519323326647281647e-02
-3.988867253065109253e-02
3.515658900141716003e-03
-6.312445551156997681e-02
-2.806896716356277466e-02
-3.816831484436988831e-02
-5.747033283114433289e-03
-1.963895745575428009e-02
-2.017996273934841156e-02
-4.100562259554862976e-02
-3.706787526607513428e-02
-4.970234259963035583e-02
-2.084666118025779724e-02
-3.515456989407539368e-02
-2.279935404658317566e-02
-3.508879616856575012e-02
-2.583512663841247559e-02
-2.687139250338077545e-02
-3.308853879570960999e-02
-5.328049883246421814e-02
-2.955408394336700439e-02
-2.720652520656585693e-02
-7.941035926342010498e-02
-3.866165876388549805e-02
-7.090065628290176392e-02
-4.792094230651855469e-03
-4.008109122514724731e-02
-4.451752826571464539e-02
-9.688032791018486023e-03
3.922040387988090515e-02
-4.157872125506401062e-02
-3.505974635481834412e-02
-2.775494568049907684e-02
-7.651121355593204498e-03
-4.436708241701126099e-02
-2.681294456124305725e-02
-1.235979981720447540e-02
-3.511201590299606323e-02
-3.167182579636573792e-02
-2.446726895868778229e-02
-6.039478257298469543e-02
-4.664813727140426636e-02
-5.328962206840515137e-02
-2.821631543338298798e-02
-5.455714464187622070e-02
-5.470398440957069397e-02
-2.859133295714855194e-02
-5.063378438353538513e-02
6.269551231525838375e-04
-5.195034667849540710e-02
-5.157770961523056030e-02
-3.675791621208190918e-02
-3.077199123799800873e-02
-3.956926614046096802e-02
-1.972223445773124695e-02
-4.389977455139160156e-02
-4.450651258230209351e-02
-5.341593176126480103e-02
-4.394499212503433228e-02
-2.337394282221794128e-02
-5.149661004543304443e-02
-4.426826536655426025e-02
-3.961267694830894470e-02
7.134700659662485123e-03
-3.164407983422279358e-02
3.445794060826301575e-02
-3.894515335559844971e-02
-3.862842917442321777e-02
-2.941219136118888855e-02
-3.669741749763488770e-02
-3.345402702689170837e-02
-3.520258935168385506e-03
-2.391931042075157166e-02
-1.573671586811542511e-02
-1.883202046155929565e-02
-3.615955635905265808e-02
-3.067563287913799286e-02
-3.542337939143180847e-02
-3.633801266551017761e-02
-6.008493527770042419e-02
-2.474359422922134399e-02
-1.066805236041545868e-02
-6.417723000049591064e-02
-4.957650601863861084e-02
-5.248438566923141479e-02
-5.405381321907043457e-02
-5.603318102657794952e-03
-1.128085982054471970e-02
-5.217542499303817749e-02
-4.248628392815589905e-02
-2.831117250025272369e-02
-3.642215952277183533e-02
-5.653147120028734207e-03
-2.816822566092014313e-02
-2.953054569661617279e-02
-3.720401227474212646e-02
-6.755641102790832520e-02
-3.195266053080558777e-02
-4.568865895271301270e-02
4.559455439448356628e-02
-3.073076345026493073e-02
-2.334962412714958191e-02
-3.203283622860908508e-02
-1.594620011746883392e-02
-4.379063099622726440e-02
4.780906252562999725e-03
3.644118260126560926e-04
-3.150329738855361938e-02
-2.312615141272544861e-02
-3.736152127385139465e-02
-4.688966274261474609e-02
-2.739431522786617279e-02
-5.613410100340843201e-02
-4.982380941510200500e-02
-4.352384805679321289e-02
-2.782377228140830994e-02
-7.092764973640441895e-02
-6.075456738471984863e-02
-5.057943612337112427e-02
-2.870420366525650024e-02
-2.627388946712017059e-02
-3.315965831279754639e-02
-8.618102408945560455e-03
-3.990745916962623596e-02
-3.525574877858161926e-02
-8.604152500629425049e-02
-2.631240524351596832e-02
-3.202022612094879150e-02
-1.497246697545051575e-02
-1.158584561198949814e-02
-3.880190849304199219e-02
-6.732140481472015381e-02
-4.573045298457145691e-02
-1.336791738867759705e-02
-2.920152433216571808e-02
-1.567195169627666473e-02
-5.505688861012458801e-02
-4.770465195178985596e-02
-2.654155716300010681e-02
-1.391406822949647903e-02
-1.943257823586463928e-02
-3.651113063097000122e-02
-5.113390833139419556e-02
-4.392002522945404053e-02
-3.336392715573310852e-02
4.102691262960433960e-02
-3.270565718412399292e-02
-8.198717841878533363e-04
-1.929046399891376495e-02
-4.750029370188713074e-02
-4.413228482007980347e-02
-3.816867619752883911e-02
-2.404843643307685852e-02
-4.131749272346496582e-02
-2.038076147437095642e-02
-3.982527554035186768e-02
-4.350548610091209412e-02
-1.366423908621072769e-02
-3.015326894819736481e-02
-3.216224908828735352e-02
-5.135064944624900818e-02
-4.396317899227142334e-02
-1.310306601226329803e-03
-2.062038891017436981e-02
-4.115139320492744446e-02
-7.464507967233657837e-02
-1.356871239840984344e-02
-4.202908277511596680e-02
-3.655882552266120911e-02
-5.549592524766921997e-02
-2.492744475603103638e-02
-4.332200065255165100e-02
-2.538614906370639801e-02
-5.924589000642299652e-03
9.121323004364967346e-03
-4.632084071636199951e-02
-4.966188222169876099e-02
-1.339195761829614639e-02
-4.919780045747756958e-02
-2.297750487923622131e-02
-1.356515754014253616e-02
-4.477792233228683472e-02
-4.151804372668266296e-02
-5.318570882081985474e-02
-6.241795420646667480e-02
-3.395313769578933716e-02
-1.822410710155963898e-02
-4.783362522721290588e-02
-2.554114907979965210e-02
-1.672352291643619537e-02
-6.656114757061004639e-02
-5.518932640552520752e-02
-2.910177223384380341e-02
1.743692206218838692e-03
-2.870796434581279755e-02
-4.735648259520530701e-02
-3.940318152308464050e-02
-5.249168723821640015e-02
-4.884998127818107605e-02
-3.334053233265876770e-02
-2.748331986367702484e-02
-6.121244654059410095e-02
-4.519255459308624268e-02
-3.582142665982246399e-02
8.330472745001316071e-03
-1.734156720340251923e-02
1.103308517485857010e-03
-6.237285211682319641e-02
-2.460326254367828369e-02
-7.263834774494171143e-02
2.141224592924118042e-02
-7.578212022781372070e-02
-3.232488036155700684e-02
-2.484991960227489471e-02
-2.263479121029376984e-02
-8.499497547745704651e-03
-2.425048872828483582e-02
6.695608608424663544e-03
-1.681452058255672455e-02
-5.780015885829925537e-02
-4.007006436586380005e-02
-2.538116089999675751e-02
-2.609483711421489716e-02
-3.612715378403663635e-02
-4.140380024909973145e-02
-4.740435257554054260e-02
-1.727488473989069462e-03
-5.820706114172935486e-02
-6.292203813791275024e-02
-4.118456318974494934e-02
-2.771392092108726501e-02
-2.694200724363327026e-02
-1.935013383626937866e-02
-2.644599182531237602e-03
-4.672550037503242493e-02
-4.428422078490257263e-02
-2.165249176323413849e-02
-4.850631579756736755e-02
-4.039935767650604248e-02
-3.557183593511581421e-02
-4.605372995138168335e-02
-3.153213858604431152e-02
-3.266953676939010620e-02
-4.360591992735862732e-02
-5.340728163719177246e-02
-2.961321175098419189e-02
-6.598278880119323730e-02
-3.667719662189483643e-02
-1.567314937710762024e-02
-4.191586002707481384e-02
7.199643179774284363e-03
-2.657426334917545319e-02
-2.942657284438610077e-02
-4.675237089395523071e-02
-1.694178022444248199e-02
-1.772992499172687531e-02
-3.183013945817947388e-02
-2.086145058274269104e-02
-4.227126762270927429e-02
-3.740594536066055298e-02
-3.836327418684959412e-02
-4.329923167824745178e-02
7.099348586052656174e-03
-1.602439954876899719e-02
-1.155772432684898376e-02
-1.364945620298385620e-02
-1.928567141294479370e-02
-5.381223745644092560e-03
-3.807978332042694092e-02
-4.052548483014106750e-02
-3.791944310069084167e-02
-3.880491480231285095e-02
-7.513432204723358154e-02
-1.396272517740726471e-02
2.916927216574549675e-03
-1.885739900171756744e-02
-1.878716610372066498e-02
-1.888935081660747528e-02
-3.999879956245422363e-02
-4.772265255451202393e-02
-1.584671624004840851e-02
-3.855568170547485352e-02
-3.823699895292520523e-03
-4.188635200262069702e-02
-2.282203920185565948e-02
-2.705094218254089355e-02
-1.257758587598800659e-02
-1.224271021783351898e-02
-1.038862019777297974e-02
-3.090797923505306244e-02
-4.944121837615966797e-02
-5.712729319930076599e-02
-4.372130334377288818e-02
-2.949565090239048004e-02
-2.884640358388423920e-02
-3.434733673930168152e-02
-3.396946936845779419e-02
-1.848537847399711609e-02
-2.025916241109371185e-02
-6.509772967547178268e-03
-3.270088881254196167e-02
-1.232035271823406219e-02
-4.239346086978912354e-02
-4.479946568608283997e-02
-2.539728581905364990e-02
-3.725506365299224854e-02
-3.012591041624546051e-02
-3.304278850555419922e-02
1.119257323443889618e-02
-3.498265519738197327e-02
-3.157721459865570068e-02
-3.648031502962112427e-02
-1.028961502015590668e-02
2.849505655467510223e-02
-3.636267781257629395e-02
-4.753744229674339294e-03
-5.745767056941986084e-02
-1.735707744956016541e-02
-9.671579115092754364e-03
-2.624026313424110413e-02
-3.285305947065353394e-02
-1.026996760629117489e-03
-5.634763091802597046e-02
-1.971603184938430786e-02
-6.358423829078674316e-02
1.112403534352779388e-02
-2.993712015450000763e-02
-2.528739906847476959e-02
-3.932021558284759521e-02
2.932760398834943771e-03
-4.801009967923164368e-02
-3.127039223909378052e-02
-3.544948622584342957e-02
-2.956170961260795593e-02
-1.736884191632270813e-02
-5.030610412359237671e-02
-4.594696313142776489e-02
-1.783445291221141815e-02
-6.932165473699569702e-03
-3.274433780461549759e-03
-4.895519465208053589e-02
-3.508577868342399597e-02
-2.407456748187541962e-02
-2.198405377566814423e-02
-7.037402596324682236e-03
-3.754635527729988098e-02
-3.179652243852615356e-02
-2.413441799581050873e-02
-3.335223346948623657e-02
-3.256507962942123413e-02
-1.690905168652534485e-02
-2.228984050452709198e-02
-3.920061513781547546e-02
-1.090550608932971954e-02
-5.604187026619911194e-02
-4.876643419265747070e-02
-3.084014169871807098e-02
-3.491584211587905884e-02
-3.882548585534095764e-02
-4.332412406802177429e-02
-5.684718862175941467e-02
1.024297904223203659e-02
-4.651425033807754517e-02
-1.045201066881418228e-02
-2.153744222596287727e-03
-4.485573247075080872e-02
-3.606643155217170715e-02
-1.710534840822219849e-02
-5.236424505710601807e-03
-2.856999635696411133e-02
-5.028422176837921143e-02
-6.592633575201034546e-02
-1.684557087719440460e-02
-3.178530931472778320e-02
-6.267720460891723633e-02
-5.573403462767601013e-02
-3.588537499308586121e-02
-1.479759067296981812e-02
-4.345456510782241821e-02
-1.311400160193443298e-02
-3.501215577125549316e-02
-2.112502232193946838e-02
-7.328622788190841675e-02
-4.193408414721488953e-02
-1.743238233029842377e-02
-3.522923216223716736e-02
3.573486953973770142e-02
-3.085774742066860199e-02
-4.189194738864898682e-02
-3.587392717599868774e-02
1.710444106720387936e-03
-1.888166926801204681e-02
-3.257024660706520081e-02
-6.843299418687820435e-02
-2.355876844376325607e-03
-4.563236609101295471e-02
1.102613052353262901e-03
-7.918137311935424805e-02
-1.556305866688489914e-02
-2.254559844732284546e-02
-1.901323534548282623e-02
-4.755656048655509949e-02
-1.547567173838615417e-02
-4.517425969243049622e-02
-2.523008547723293304e-02
-3.111054189503192902e-02
-1.763248816132545471e-02
-1.119336578994989395e-02
-1.698614656925201416e-02
-6.378317624330520630e-02
-2.551993913948535919e-02
9.365060366690158844e-03
-2.492680586874485016e-02
-5.275958776473999023e-02
-6.266494095325469971e-02
-2.414701320230960846e-02
-5.410884320735931396e-02
-6.471399962902069092e-02
-1.935902610421180725e-02
-1.411036867648363113e-02
-4.596033692359924316e-02
-4.228966683149337769e-02
-2.965136431157588959e-02
-1.133051980286836624e-02
-4.956839978694915771e-02
-4.519785940647125244e-02
-4.665455222129821777e-02
-3.915204107761383057e-02
-7.237308472394943237e-02
-2.823349460959434509e-02
-3.334142640233039856e-02
5.036390575696714222e-05
-2.489558979868888855e-02
-4.390625748783349991e-03
-5.702680721879005432e-02
-1.678104326128959656e-02
-4.168416932225227356e-02
-4.315091297030448914e-02
-1.169598195701837540e-02
-3.235067054629325867e-02
-9.796163067221641541e-03
-1.024812832474708557e-02
-3.172159940004348755e-02
-3.136878088116645813e-02
-4.336837679147720337e-02
-4.137589409947395325e-02
-1.769999973475933075e-02
-6.583896279335021973e-02
-4.493046924471855164e-02
-3.031209856271743774e-02
-4.915146902203559875e-02
-3.442083299160003662e-02
-2.960298210382461548e-02
-2.721018716692924500e-02
-2.132955379784107208e-02
-3.630851581692695618e-02
-2.333530224859714508e-02
-4.067810997366905212e-02
-1.284056343138217926e-02
-3.052381612360477448e-02
-6.154941767454147339e-02
-4.646557196974754333e-02
-6.268595904111862183e-02
-3.688881173729896545e-02
-3.905626386404037476e-02
-3.474035859107971191e-02
-6.073952652513980865e-03
-1.942157000303268433e-02
-4.296016320586204529e-02
-3.784712776541709900e-02
-7.713688164949417114e-02
-2.919894270598888397e-02
-5.433634296059608459e-02
-2.586395852267742157e-02
-3.208828717470169067e-02
-5.026724934577941895e-02
-2.656155265867710114e-02
-1.934686861932277679e-02
-1.286532729864120483e-02
-3.712927177548408508e-02
-3.356117382645606995e-02
-5.694181099534034729e-02
-2.384910918772220612e-02
-7.705155760049819946e-03
-5.845604836940765381e-02
1.363304472761228681e-04
-6.622923910617828369e-02
-2.916799485683441162e-02
-3.950383979827165604e-03
-5.268470570445060730e-02
-1.954056881368160248e-02
-5.880680307745933533e-02
-4.579016566276550293e-02
-3.042295575141906738e-02
