-1.986349374055862427e-01
-1.592797935009002686e-01
-2.054397165775299072e-01
-1.597508937120437622e-01
-1.267827302217483521e-01
-3.226020336151123047e-01
-1.597015857696533203e-01
-3.477213382720947266e-01
-2.496612966060638428e-01
-2.730074524879455566e-01
-2.319319546222686768e-01
-2.860359661281108856e-02
-1.898968517780303955e-01
-2.812649309635162354e-01
-1.732623130083084106e-01
-2.412002086639404297e-01
-3.712201118469238281e-01
-2.747096419334411621e-01
-2.052528113126754761e-01
-2.584995925426483154e-01
-1.535418331623077393e-01
-2.747932076454162598e-01
-3.240582346916198730e-01
-2.524716258049011230e-01
-1.906119883060455322e-01
-2.251699268817901611e-01
-3.435670137405395508e-01
-2.201536893844604492e-01
-1.664001047611236572e-01
-2.715956866741180420e-01
-1.919807195663452148e-01
-3.399457335472106934e-01
-2.026348561048507690e-01
-2.971591949462890625e-01
-2.615643143653869629e-01
-2.238323688507080078e-01
-2.486278414726257324e-01
-2.605829238891601562e-01
-8.928804844617843628e-02
-3.572264909744262695e-01
-1.282964348793029785e-01
-2.583221197128295898e-01
-2.449543029069900513e-01
-1.522840857505798340e-01
-3.164986371994018555e-01
-1.444986015558242798e-01
-2.521677315235137939e-01
-1.962564587593078613e-01
-1.793680489063262939e-01
-1.070876717567443848e-01
-1.661877334117889404e-01
-2.052546292543411255e-01
-2.529677450656890869e-01
-1.447273641824722290e-01
-2.517179548740386963e-01
-2.061956226825714111e-01
-2.816695570945739746e-01
-3.376125395298004150e-01
-1.382437944412231445e-01
-2.388912588357925415e-01
-2.557106316089630127e-01
-1.555381249636411667e-02
-2.168848961591720581e-01
-1.763162165880203247e-01
-1.486427783966064453e-01
-2.121853679418563843e-01
-2.001802325248718262e-01
-7.155321538448333740e-02
-2.089079469442367554e-01
-3.579890727996826172e-01
-2.588307559490203857e-01
-3.599254190921783447e-01
-1.527759432792663574e-01
-2.107406258583068848e-01
-2.924840748310089111e-01
-1.855389624834060669e-01
-3.970343172550201416e-01
-1.257224678993225098e-01
-2.573637664318084717e-01
-2.412330657243728638e-01
-8.633350580930709839e-02
-3.064799904823303223e-01
-2.700611650943756104e-01
-3.379524350166320801e-01
-2.484663575887680054e-01
-1.935485601425170898e-01
-2.986512780189514160e-01
-2.278637290000915527e-01
-3.599653542041778564e-01
-2.764317691326141357e-01
-2.480491846799850464e-01
-1.208098083734512329e-01
-3.377924263477325439e-01
-2.661384940147399902e-01
-1.677279174327850342e-01
-2.470021098852157593e-01
-2.151583880186080933e-01
-2.591182589530944824e-01
-1.936459690332412720e-01
-1.542880386114120483e-01
-4.117239117622375488e-01
-1.569584459066390991e-01
-2.371568530797958374e-01
-2.997130751609802246e-01
-2.123575359582901001e-01
-2.033999711275100708e-01
-1.848283559083938599e-01
-3.069876730442047119e-01
-3.437614142894744873e-01
-1.838576495647430420e-01
-1.936550885438919067e-01
-9.161198884248733521e-02
-2.337583452463150024e-01
-3.557882905006408691e-01
-1.967258155345916748e-01
-3.302988111972808838e-01
-1.398342251777648926e-01
-2.176536917686462402e-01
-1.665280610322952271e-01
-1.857344359159469604e-01
-3.114528059959411621e-01
-1.048994138836860657e-01
-4.229290485382080078e-01
-2.408153116703033447e-01
-1.320404708385467529e-01
-1.630909591913223267e-01
-3.378404080867767334e-01
-3.300025463104248047e-01
-3.183211386203765869e-01
-2.267788648605346680e-01
-2.786625027656555176e-01
-1.949614733457565308e-01
-1.949873119592666626e-01
-1.462556123733520508e-01
-2.437194734811782837e-01
-2.297268360853195190e-01
-1.282425224781036377e-01
-2.164042592048645020e-01
-1.179263368248939514e-01
-2.436686158180236816e-01
-2.610940933227539062e-01
-2.656092643737792969e-01
-1.947716325521469116e-01
-1.208349540829658508e-01
-1.667716354131698608e-01
-1.350531280040740967e-01
-2.713038325309753418e-01
-5.600653961300849915e-02
-2.242520898580551147e-01
-1.318119913339614868e-01
-2.355988472700119019e-01
-2.720382809638977051e-01
-2.050630748271942139e-01
-1.736402213573455811e-01
-2.890658378601074219e-01
-2.627260982990264893e-01
-3.358229100704193115e-01
-1.778737753629684448e-01
-2.309110760688781738e-01
-1.476960629224777222e-01
-2.685360312461853027e-01
-1.882454305887222290e-01
-2.628919184207916260e-01
-1.983285099267959595e-01
-3.521628975868225098e-01
-1.904807090759277344e-01
-2.777900397777557373e-01
-3.395482599735260010e-01
-2.894724905490875244e-01
-2.240378409624099731e-01
-1.149723082780838013e-01
-2.462490200996398926e-01
-2.426110208034515381e-01
-2.581112384796142578e-01
-3.133251070976257324e-01
-2.315342277288436890e-01
-2.270764708518981934e-01
-2.077344059944152832e-01
-2.108846753835678101e-01
-1.370845586061477661e-01
-1.322956830263137817e-01
-2.529400289058685303e-01
-1.716124713420867920e-01
-2.531866431236267090e-01
-2.276799231767654419e-01
-2.084067314863204956e-01
-1.803025007247924805e-01
-1.868342459201812744e-01
-2.403673082590103149e-01
-2.166075557470321655e-01
-2.196889072656631470e-01
-2.870342433452606201e-01
-3.061714768409729004e-01
-1.507190018892288208e-01
-1.054357513785362244e-01
-2.199345678091049194e-01
-2.415270954370498657e-01
-3.310047090053558350e-01
-2.699873745441436768e-01
-1.568207293748855591e-01
-1.448994129896163940e-01
-2.610370814800262451e-01
-1.828265339136123657e-01
-2.647912502288818359e-01
-3.134038150310516357e-01
-2.937427163124084473e-01
-2.687065899372100830e-01
-2.114930450916290283e-01
-2.163723856210708618e-01
-4.521808624267578125e-01
-2.998512089252471924e-01
-3.031533658504486084e-01
-2.291688919067382812e-01
-3.099111020565032959e-01
-2.642023265361785889e-01
-2.694890499114990234e-01
-1.440617591142654419e-01
-1.671433299779891968e-01
-1.569791734218597412e-01
-1.414875835180282593e-01
-2.222380936145782471e-01
-1.736269742250442505e-01
-1.481457799673080444e-01
-2.572848200798034668e-01
-2.060390859842300415e-01
-1.703171133995056152e-01
-2.359973937273025513e-01
-1.769522726535797119e-01
-2.132274955511093140e-01
-2.015555948019027710e-01
-3.000946640968322754e-01
-1.517901718616485596e-01
-2.085627168416976929e-01
-2.804706394672393799e-01
-2.697951495647430420e-01
-2.291927188634872437e-01
-1.292869597673416138e-01
-2.513898015022277832e-01
-2.600373029708862305e-01
-2.454323619604110718e-01
-1.743793189525604248e-01
-1.028819605708122253e-01
-1.678942590951919556e-01
-2.352781295776367188e-01
-2.007247507572174072e-01
-3.363308906555175781e-01
-1.640496104955673218e-01
-2.429594099521636963e-01
-1.698634475469589233e-01
-1.696967780590057373e-01
-1.837379038333892822e-01
-1.624554991722106934e-01
-2.415032088756561279e-01
-2.687421441078186035e-01
-2.304815500974655151e-01
-2.029164135456085205e-01
-2.209054082632064819e-01
-2.240197062492370605e-01
-2.674808800220489502e-01
-3.233307301998138428e-01
1.462130546569824219e-01
-4.776686131954193115e-01
-2.376395910978317261e-01
-1.488526165485382080e-01
-1.462438255548477173e-01
-3.054963350296020508e-01
-2.233608663082122803e-01
-1.697272211313247681e-01
-1.951706558465957642e-01
-2.130502760410308838e-01
-2.339871525764465332e-01
-2.039052844047546387e-01
-3.053999841213226318e-01
-2.595892846584320068e-01
-3.470153808593750000e-01
-2.175544351339340210e-01
-2.706122100353240967e-01
-2.897326052188873291e-01
-1.728885620832443237e-01
-2.300012111663818359e-01
-1.065581515431404114e-01
-3.555808961391448975e-01
-2.912462055683135986e-01
-1.777125000953674316e-01
-2.007467299699783325e-01
-1.699181050062179565e-01
-3.008754849433898926e-01
-3.045724630355834961e-01
-1.692936867475509644e-01
-2.602487206459045410e-01
-2.053222656250000000e-01
-1.809690445661544800e-01
-1.807879209518432617e-01
-1.729776412248611450e-01
-3.757230341434478760e-01
-1.808218657970428467e-01
-1.805442422628402710e-01
-1.894872337579727173e-01
-2.642524242401123047e-01
-2.075415849685668945e-01
-2.364628762006759644e-01
-1.975283026695251465e-01
-3.063706159591674805e-01
-1.983886361122131348e-01
-1.810541003942489624e-01
-3.676276504993438721e-01
-1.198175475001335144e-01
-1.484548598527908325e-01
-1.769713759422302246e-01
-7.807861268520355225e-02
-2.052273303270339966e-01
-1.360276788473129272e-01
-1.417461931705474854e-01
-1.690576374530792236e-01
-2.394850254058837891e-01
-1.784859299659729004e-01
-1.746688932180404663e-01
-2.483793050050735474e-01
-2.716851830482482910e-01
-3.095551729202270508e-01
-1.464682966470718384e-01
-2.238847017288208008e-01
-2.584171593189239502e-01
-3.571617603302001953e-01
-2.310537248849868774e-01
-2.878476381301879883e-01
-3.841361105442047119e-01
-3.474517464637756348e-01
-3.895853459835052490e-01
-1.891100555658340454e-01
-2.861165702342987061e-01
-2.430948019027709961e-01
-2.836849391460418701e-01
-4.364869892597198486e-01
-3.352631628513336182e-01
-1.802386641502380371e-01
-1.975635290145874023e-01
-1.529118716716766357e-01
-1.978296786546707153e-01
-2.535377740859985352e-01
-1.953945606946945190e-01
-2.667395174503326416e-01
-2.813161313533782959e-01
-2.487073689699172974e-01
-3.070381879806518555e-01
-2.339050769805908203e-01
-2.211501151323318481e-01
-1.924638003110885620e-01
-2.223706245422363281e-01
-4.178301990032196045e-01
-3.150562047958374023e-01
-2.663013339042663574e-01
-3.580996096134185791e-01
-1.935312896966934204e-01
-2.384668141603469849e-01
-2.423605173826217651e-01
-1.850039511919021606e-01
-2.264835685491561890e-01
-1.803095489740371704e-01
-7.768928259611129761e-02
-1.492262035608291626e-01
-3.361181616783142090e-01
-4.133463799953460693e-01
-3.122666776180267334e-01
-2.745044827461242676e-01
-1.246968656778335571e-01
-3.102471232414245605e-01
4.149459768086671829e-03
-1.981123834848403931e-01
-3.300721943378448486e-01
-2.046880871057510376e-01
-1.052792593836784363e-01
-1.653205007314682007e-01
-1.634340435266494751e-01
-1.115510016679763794e-01
-2.314017713069915771e-01
-3.190921545028686523e-01
-1.818309873342514038e-01
-2.657195329666137695e-01
-2.219828963279724121e-01
-1.029494330286979675e-01
-1.998723000288009644e-01
-2.701912820339202881e-01
-2.138722985982894897e-01
-2.255507707595825195e-01
-2.652503252029418945e-01
-1.629715710878372192e-01
-3.321655690670013428e-01
-1.616628766059875488e-01
-3.445926904678344727e-01
2.877376973628997803e-02
-2.455629259347915649e-01
-3.171074092388153076e-01
-3.579846620559692383e-01
-2.856604456901550293e-01
-2.519797384738922119e-01
-2.030632644891738892e-01
-1.521756350994110107e-01
-2.202650308609008789e-01
-3.489860594272613525e-01
-1.685065776109695435e-01
-1.424267441034317017e-01
-1.602240651845932007e-01
-1.553265154361724854e-01
-3.056837618350982666e-01
-2.419939041137695312e-01
-3.536337316036224365e-01
-5.508077144622802734e-02
-9.871264547109603882e-02
-2.271649837493896484e-01
-2.618756890296936035e-01
-2.034606784582138062e-01
-9.058693796396255493e-02
-1.976061463356018066e-01
-3.039625287055969238e-01
-2.731698453426361084e-01
-3.160846233367919922e-01
-2.102268636226654053e-01
-3.384161293506622314e-01
-1.739688366651535034e-01
-1.474594622850418091e-01
-1.841608583927154541e-01
-1.823037564754486084e-01
-1.150777712464332581e-01
-2.182914912700653076e-01
-2.009856700897216797e-01
-2.659076452255249023e-01
-2.204544097185134888e-01
-2.567377090454101562e-01
-1.633244454860687256e-01
-2.212884426116943359e-01
-2.658168375492095947e-01
-2.938300371170043945e-01
-1.069176644086837769e-01
-2.521845698356628418e-01
-1.103019490838050842e-01
-2.216462939977645874e-01
-2.244049608707427979e-01
-2.908109724521636963e-01
-2.176228612661361694e-01
-3.605116903781890869e-01
-2.374442219734191895e-01
-2.391370683908462524e-01
-2.250826060771942139e-01
-2.255965471267700195e-01
-1.338644623756408691e-01
-1.970389336347579956e-01
-2.969693839550018311e-01
-2.206195592880249023e-01
-2.050847262144088745e-01
-2.228999286890029907e-01
-3.601892590522766113e-01
-2.922742068767547607e-01
-2.498275488615036011e-01
-1.465558558702468872e-01
-9.789327532052993774e-02
-1.686272472143173218e-01
-2.157511115074157715e-01
-2.881138324737548828e-01
-3.002218306064605713e-01
-2.760035693645477295e-01
-2.495894134044647217e-01
-3.535954058170318604e-01
-2.868376970291137695e-01
-3.251141905784606934e-01
-1.846979409456253052e-01
-3.061604201793670654e-01
-3.861361742019653320e-01
-2.649804949760437012e-01
-1.339415460824966431e-01
-1.845929324626922607e-01
-1.630130410194396973e-01
-6.295472383499145508e-02
-1.717089712619781494e-01
-1.415479034185409546e-01
-1.905687153339385986e-01
-4.610790014266967773e-01
-1.390605717897415161e-01
-1.919973045587539673e-01
-1.369216442108154297e-01
-1.646622866392135620e-01
-5.524486768990755081e-03
-2.598234713077545166e-01
-2.652668654918670654e-01
-2.318973094224929810e-01
-1.779997944831848145e-01
-1.912882775068283081e-01
-2.054945081472396851e-01
-1.890863776206970215e-01
-2.624985277652740479e-01
-1.633448451757431030e-01
-2.497499287128448486e-01
-1.696403175592422485e-01
-1.907293200492858887e-01
-2.431247681379318237e-01
-1.825110912322998047e-01
-2.607063055038452148e-01
-1.942822188138961792e-01
-2.360661625862121582e-01
-5.809839814901351929e-02
-2.757784426212310791e-01
-2.593001723289489746e-01
-1.465620845556259155e-01
-3.589049875736236572e-01
-4.386934265494346619e-02
-3.440038263797760010e-01
-1.088744997978210449e-01
-4.219380319118499756e-01
-1.503482162952423096e-01
-2.792418897151947021e-01
-3.034647703170776367e-01
-1.156351789832115173e-01
