-1.667778939008712769e-01
-3.018844127655029297e-01
-2.187096625566482544e-01
-2.916649878025054932e-01
-1.970517039299011230e-01
-2.325420528650283813e-01
-1.868788599967956543e-01
-1.857188791036605835e-01
-2.474462687969207764e-01
-1.629301160573959351e-01
-2.447613030672073364e-01
-2.507717907428741455e-01
-1.894734501838684082e-01
-2.651203274726867676e-01
-3.250318169593811035e-01
-3.810978531837463379e-01
-2.953011095523834229e-01
-4.962790608406066895e-01
-2.942853234708309174e-02
-2.724258005619049072e-01
-2.006547600030899048e-01
-2.220421284437179565e-01
-2.945230901241302490e-01
-2.579053640365600586e-01
-5.152369737625122070e-01
-1.993782073259353638e-01
-5.015748143196105957e-01
-2.736086249351501465e-01
-4.528419673442840576e-01
-3.967668712139129639e-01
-2.280789613723754883e-01
-1.771667003631591797e-01
-1.292685270309448242e-01
-2.654535472393035889e-01
-3.252165317535400391e-01
-3.232111632823944092e-01
-3.337315917015075684e-01
-1.901414990425109863e-01
-6.921261548995971680e-02
-2.195980399847030640e-01
-2.131956815719604492e-01
-2.565087974071502686e-01
-1.646435707807540894e-01
-1.566866189241409302e-01
-2.086732238531112671e-01
-2.177838385105133057e-01
-2.480262666940689087e-01
-2.767227292060852051e-01
-3.070892989635467529e-01
-1.987611800432205200e-01
-1.985275596380233765e-01
-2.347001619637012482e-02
-2.457653284072875977e-01
-4.156349897384643555e-01
-1.659569740295410156e-01
-1.923241317272186279e-01
-3.328113257884979248e-01
-1.480530649423599243e-01
-3.047280609607696533e-01
-2.277223616838455200e-01
-3.181942403316497803e-01
-2.744265496730804443e-01
-1.642503887414932251e-01
-3.365094661712646484e-01
-4.050147235393524170e-01
-2.081971019506454468e-01
-6.208194047212600708e-02
-2.670687139034271240e-01
-2.809358239173889160e-01
-2.184958308935165405e-01
-2.148003578186035156e-01
-4.465150237083435059e-01
-3.375936448574066162e-01
-3.212946653366088867e-01
-2.920842468738555908e-01
-1.998350471258163452e-01
-3.369123041629791260e-01
-2.092145383358001709e-01
-2.830813527107238770e-01
-2.893369197845458984e-01
-1.719274967908859253e-01
-2.188900560140609741e-01
-4.015720188617706299e-01
-2.484104782342910767e-01
-2.070058584213256836e-01
-3.849241435527801514e-01
-3.753183186054229736e-01
-5.874267816543579102e-01
-1.637061983346939087e-01
-1.747813373804092407e-01
-2.216910719871520996e-01
-5.067166090011596680e-01
-2.495814710855484009e-01
-2.116730660200119019e-01
-4.290634095668792725e-01
-1.944388747215270996e-01
-3.089208602905273438e-01
-2.620511054992675781e-01
-4.096240103244781494e-01
-6.021671742200851440e-02
-2.009468078613281250e-01
-1.315755099058151245e-01
-3.336448669433593750e-01
-2.627141773700714111e-01
-2.319999039173126221e-01
-9.095760434865951538e-02
-1.560321599245071411e-01
-2.889046669006347656e-01
-3.285686671733856201e-01
-1.628023087978363037e-01
-5.127724409103393555e-01
-2.036485075950622559e-01
-1.725717633962631226e-01
-1.843765974044799805e-01
-2.284761220216751099e-01
-1.925384402275085449e-01
-3.431704938411712646e-01
-9.291246533393859863e-02
-3.138437867164611816e-01
-1.912362277507781982e-01
-1.925534456968307495e-01
-3.422401100397109985e-02
-3.268448412418365479e-01
-1.699078232049942017e-01
-8.284436911344528198e-02
-2.417100220918655396e-01
-2.069210708141326904e-01
-3.869828283786773682e-01
-2.209950089454650879e-01
-2.866658568382263184e-01
-5.258980765938758850e-02
-3.091885447502136230e-01
-6.553955376148223877e-02
-2.594270408153533936e-01
-2.160362750291824341e-01
-5.062342882156372070e-01
-2.904625833034515381e-01
-2.124641984701156616e-01
-3.123818337917327881e-01
-2.127802371978759766e-01
-1.945701092481613159e-01
-2.519692480564117432e-01
-5.475204586982727051e-01
-2.321297973394393921e-01
-3.350375890731811523e-01
-3.472710549831390381e-01
-2.157814204692840576e-01
-3.603433966636657715e-01
-7.588939368724822998e-02
-1.472256928682327271e-01
-3.274839743971824646e-02
-1.403644531965255737e-01
-3.128208518028259277e-01
-3.063224852085113525e-01
-1.120024323463439941e-01
-2.663571834564208984e-01
-2.699686884880065918e-01
-3.111712038516998291e-01
-1.519080996513366699e-01
-3.842722773551940918e-01
-6.451822072267532349e-02
-2.373446077108383179e-01
-4.226614832878112793e-01
-2.545776069164276123e-01
-1.611178368330001831e-01
-2.349751293659210205e-01
-1.524349004030227661e-01
-3.493751287460327148e-01
-3.453121483325958252e-01
-2.080572545528411865e-01
-9.178074449300765991e-02
-2.024866938591003418e-01
-1.246164515614509583e-01
-2.533082664012908936e-01
-2.767544686794281006e-01
-3.156235218048095703e-01
-2.530350685119628906e-01
-3.956921398639678955e-01
-9.806029498577117920e-02
-1.257283687591552734e-01
-3.696787655353546143e-01
-2.332974076271057129e-01
-3.664378225803375244e-01
-2.828508019447326660e-01
-4.320195019245147705e-01
-8.362977951765060425e-02
-1.583168804645538330e-01
-2.394656091928482056e-01
-1.818457245826721191e-01
-4.407922923564910889e-01
-2.375578135251998901e-01
-4.450112581253051758e-01
-3.231986463069915771e-01
-2.786849141120910645e-01
-1.857591569423675537e-01
-2.137343287467956543e-01
4.809528589248657227e-02
-1.057915762066841125e-01
-1.093364283442497253e-01
-2.035047113895416260e-01
-4.955453053116798401e-02
-2.116731703281402588e-01
-1.598332375288009644e-01
-2.389371395111083984e-01
-2.829787731170654297e-01
-2.877880930900573730e-01
-3.405621051788330078e-01
-2.559884190559387207e-01
-4.467789530754089355e-01
-2.444487065076828003e-01
-2.491908520460128784e-01
-2.221633195877075195e-01
-2.791855633258819580e-01
-3.005175590515136719e-01
-4.180480837821960449e-01
-2.567578554153442383e-01
-1.871747225522994995e-01
-2.698919177055358887e-02
-2.645135521888732910e-01
-1.872618943452835083e-01
-3.022453486919403076e-01
-3.400333225727081299e-01
-1.802712529897689819e-01
-1.809868961572647095e-01
-2.078896313905715942e-01
-4.774711132049560547e-01
-2.047063261270523071e-01
-1.878212988376617432e-01
-4.504250288009643555e-01
-2.515501379966735840e-01
-1.656941324472427368e-01
-2.765474915504455566e-01
-2.329482883214950562e-01
-2.445702701807022095e-01
-2.956371009349822998e-01
-4.162832796573638916e-01
-2.816430032253265381e-01
-1.570500582456588745e-01
-2.199375629425048828e-01
-2.125291377305984497e-01
-1.683772206306457520e-01
3.564954176545143127e-02
-9.139598160982131958e-02
-4.484221339225769043e-01
-3.534906506538391113e-01
-2.212411761283874512e-01
-2.549628317356109619e-01
-2.509174346923828125e-01
-2.702082693576812744e-01
-5.986980721354484558e-02
-3.505200147628784180e-01
-2.924340069293975830e-01
-2.360474020242691040e-01
-2.339041978120803833e-01
-1.258871108293533325e-01
-2.597060799598693848e-01
-2.267464995384216309e-01
-1.977997571229934692e-01
-1.370638459920883179e-01
-1.289189886301755905e-02
-1.174580603837966919e-01
-2.527136802673339844e-01
-3.099390268325805664e-01
-3.231346905231475830e-01
-3.467673659324645996e-01
-3.553067743778228760e-01
-3.536975979804992676e-01
-3.314628005027770996e-01
-3.712573349475860596e-01
-1.091274693608283997e-01
-9.585395455360412598e-02
-2.580234408378601074e-02
-2.755699753761291504e-01
-2.808458507061004639e-01
-2.012341469526290894e-01
-2.812227308750152588e-01
-1.991293132305145264e-01
-3.948235213756561279e-01
-2.256742715835571289e-01
-2.468878328800201416e-01
-4.211364090442657471e-01
-2.109885811805725098e-01
-4.669706821441650391e-01
-3.068964183330535889e-01
-3.548513948917388916e-01
-2.337024211883544922e-01
-6.122503802180290222e-02
-1.321242451667785645e-01
-2.968243360519409180e-01
-1.870371848344802856e-01
-2.315542101860046387e-01
-6.864649802446365356e-02
-3.113418221473693848e-01
-2.895261049270629883e-01
-3.149442374706268311e-01
-2.686160802841186523e-01
-2.080790847539901733e-01
-2.095866799354553223e-01
-3.010776937007904053e-01
-1.810401678085327148e-01
-2.272680588066577911e-02
-3.873032331466674805e-01
-2.664725184440612793e-01
-2.252475731074810028e-02
-2.972902953624725342e-01
-9.727224707603454590e-02
-2.979605793952941895e-01
-3.219318687915802002e-01
-2.926264107227325439e-01
-3.195574581623077393e-01
-4.332119822502136230e-01
-1.980440616607666016e-01
-2.117015123367309570e-01
-2.302476018667221069e-01
-9.803619980812072754e-02
-2.344491481781005859e-01
-2.154385596513748169e-01
-2.920826673507690430e-01
-3.500151634216308594e-02
-3.360642492771148682e-01
-2.619900107383728027e-01
-2.188325673341751099e-01
-1.566278040409088135e-01
-1.794970333576202393e-01
-2.726097702980041504e-01
-4.102622270584106445e-01
4.133059456944465637e-02
-1.506667435169219971e-01
-2.552138268947601318e-01
-3.137302994728088379e-01
-2.466257959604263306e-01
-2.961258292198181152e-01
-9.380962699651718140e-02
-1.481124758720397949e-01
-2.128546088933944702e-01
-5.479620695114135742e-01
-2.914682328701019287e-01
-2.801869213581085205e-01
-5.077142715454101562e-01
-1.305994540452957153e-01
-1.862269937992095947e-01
-2.399955838918685913e-01
-4.362037479877471924e-01
-3.017353415489196777e-01
-1.632600128650665283e-01
-3.447212874889373779e-01
-1.047398000955581665e-01
-2.846461832523345947e-01
-1.244008839130401611e-01
-3.036032021045684814e-01
-2.403594404458999634e-01
-2.332636713981628418e-01
-2.493925988674163818e-01
-1.865877211093902588e-01
-3.293761312961578369e-01
-1.677478104829788208e-01
-2.540143728256225586e-01
-1.294587105512619019e-01
-5.116660147905349731e-02
-1.966462582349777222e-01
-2.801181077957153320e-01
-1.701634675264358521e-01
-1.879415959119796753e-01
-1.849789768457412720e-01
-3.273542225360870361e-01
-3.694758191704750061e-02
-2.979106307029724121e-01
-2.612050771713256836e-01
-1.889043897390365601e-01
-3.270264863967895508e-01
-1.376585513353347778e-01
-2.787230014801025391e-01
-2.200986146926879883e-01
-2.416705936193466187e-01
-2.833638787269592285e-01
-5.553842335939407349e-02
-2.537750601768493652e-01
-1.039681434631347656e-01
-2.660346031188964844e-01
-1.644316017627716064e-01
-1.723122298717498779e-01
-2.672148644924163818e-01
-2.797099053859710693e-01
-4.214068949222564697e-01
-3.777034953236579895e-02
-2.385881096124649048e-01
-3.497625589370727539e-01
-2.435165941715240479e-01
-4.347701668739318848e-01
-2.553933858871459961e-01
-1.718962788581848145e-01
-2.835974097251892090e-01
-3.316035270690917969e-01
-2.787384986877441406e-01
-2.879274785518646240e-01
-2.639888226985931396e-01
-5.596090853214263916e-02
-1.789141595363616943e-01
-4.195294380187988281e-01
-2.151603847742080688e-01
5.667121335864067078e-02
-2.359475195407867432e-01
-2.248880416154861450e-01
-9.107268601655960083e-02
-2.644089758396148682e-01
-3.874615728855133057e-01
-3.316772580146789551e-01
-1.415061652660369873e-01
-3.425102829933166504e-01
-1.966017531231045723e-03
-1.940664798021316528e-01
-2.821051180362701416e-01
-2.808967232704162598e-01
-9.645257145166397095e-02
-1.841417253017425537e-01
-2.971080541610717773e-01
-1.730949990451335907e-02
-3.043408989906311035e-01
-3.012504875659942627e-01
-1.729390323162078857e-01
-1.871853470802307129e-01
-2.683009803295135498e-01
-2.032774984836578369e-01
-3.058516681194305420e-01
-2.938871085643768311e-01
-2.163472771644592285e-01
-1.889397650957107544e-01
-2.581448554992675781e-01
-2.295945137739181519e-01
-2.066008299589157104e-01
-3.462236821651458740e-01
-4.297984838485717773e-01
-2.600499391555786133e-01
-3.094540834426879883e-01
-1.799728721380233765e-01
-1.159658096730709076e-02
-2.123818397521972656e-01
-2.552110850811004639e-01
-5.226832255721092224e-02
-2.216292172670364380e-01
-2.604626119136810303e-01
-2.133729606866836548e-01
-2.867376506328582764e-01
-2.555770576000213623e-01
-2.275014668703079224e-01
-3.437059819698333740e-01
-1.698408424854278564e-01
-1.559501737356185913e-01
-4.119958877563476562e-01
-2.067478746175765991e-01
-1.159147769212722778e-01
-2.408378720283508301e-01
-3.093447387218475342e-01
-2.621095180511474609e-01
-2.592642009258270264e-01
-1.347516383975744247e-02
-3.098904788494110107e-01
-2.178975939750671387e-01
-2.765547931194305420e-01
-2.400240898132324219e-01
-3.934046924114227295e-01
7.223158609122037888e-03
-2.981539070606231689e-01
-9.298896044492721558e-02
-2.166166454553604126e-01
-1.634746640920639038e-01
-1.826701313257217407e-01
-2.308320105075836182e-01
-2.524911761283874512e-01
-9.911597520112991333e-02
-2.324650883674621582e-01
-2.938008606433868408e-01
-2.479922920465469360e-01
-9.338834881782531738e-02
-1.910980194807052612e-01
-3.771901726722717285e-01
-3.368667960166931152e-01
-1.606481522321701050e-01
-2.752199470996856689e-01
-3.004542589187622070e-01
-1.371817290782928467e-01
-2.990328073501586914e-01
-2.155510485172271729e-01
-2.622242271900177002e-01
-3.160474598407745361e-01
-1.342423856258392334e-01
-2.903033196926116943e-01
-3.865475356578826904e-01
-2.915772199630737305e-01
-3.242826163768768311e-01
-2.050839066505432129e-01
-2.656112015247344971e-01
-2.359490543603897095e-01
-1.508187651634216309e-01
-1.063053235411643982e-01
-3.595181107521057129e-01
-2.312035262584686279e-01
-3.045963048934936523e-01
-4.178259670734405518e-01
-2.761634252965450287e-02
-2.203617990016937256e-01
-2.426478117704391479e-01
-1.615572422742843628e-01
-4.789408147335052490e-01
-1.713088452816009521e-01
-2.802076935768127441e-01
-2.305033057928085327e-01
-4.326740503311157227e-01
-2.412897795438766479e-01
-1.862023025751113892e-01
-1.485828161239624023e-01
-1.506774723529815674e-01
