1.260687317699193954e-02
1.279492024332284927e-02
1.283596735447645187e-02
1.378324069082736969e-02
1.244095247238874435e-02
1.314722746610641479e-02
1.444383431226015091e-02
1.615680195391178131e-02
1.230814680457115173e-02
1.164055801928043365e-02
1.199507992714643478e-02
1.121549494564533234e-02
1.235952321439981461e-02
1.005247421562671661e-02
1.201722584664821625e-02
1.394184678792953491e-02
1.312719844281673431e-02
1.841221936047077179e-02
1.259932760149240494e-02
1.084178686141967773e-02
1.244948245584964752e-02
1.341185346245765686e-02
1.376504264771938324e-02
1.362081710249185562e-02
1.287653762847185135e-02
1.292030047625303268e-02
1.271592546254396439e-02
1.202292833477258682e-02
1.495411433279514313e-02
1.262782514095306396e-02
1.234199106693267822e-02
1.274301391094923019e-02
1.235303748399019241e-02
1.113700214773416519e-02
1.254355255514383316e-02
1.232447847723960876e-02
1.476190891116857529e-02
1.276514306664466858e-02
1.189007144421339035e-02
1.063330192118883133e-02
1.272088848054409027e-02
1.085884403437376022e-02
1.217337604612112045e-02
1.239561941474676132e-02
1.366862468421459198e-02
1.290976721793413162e-02
1.268345862627029419e-02
2.078633569180965424e-02
1.216445118188858032e-02
1.158175710588693619e-02
1.235086005181074142e-02
1.304147392511367798e-02
1.067703031003475189e-02
1.502790022641420364e-02
1.126983761787414551e-02
1.241384912282228470e-02
1.554495282471179962e-02
1.429093815386295319e-02
1.301469933241605759e-02
1.188623160123825073e-02
1.176390703767538071e-02
1.704322174191474915e-02
1.181007083505392075e-02
1.415499951690435410e-02
1.137345470488071442e-02
1.275079511106014252e-02
1.026282086968421936e-02
1.385329291224479675e-02
1.537341158837080002e-02
1.205175928771495819e-02
1.385696418583393097e-02
1.110740378499031067e-02
1.125722844153642654e-02
1.342422701418399811e-02
1.165383309125900269e-02
1.327510923147201538e-02
1.226712297648191452e-02
1.163196843117475510e-02
1.162407360970973969e-02
1.182059850543737411e-02
1.136631239205598831e-02
1.405109465122222900e-02
1.162691973149776459e-02
1.567047834396362305e-02
1.027173455804586411e-02
1.222862489521503448e-02
1.318190060555934906e-02
1.197977457195520401e-02
1.177025027573108673e-02
1.146997138857841492e-02
9.518644772469997406e-03
1.339516509324312210e-02
1.204570475965738297e-02
1.380509510636329651e-02
1.176473870873451233e-02
1.271156314760446548e-02
1.182818505913019180e-02
1.146519277244806290e-02
1.220929808914661407e-02
1.131288707256317139e-02
1.285615656524896622e-02
1.277879998087882996e-02
1.291234139353036880e-02
1.217009406536817551e-02
1.140112522989511490e-02
1.191225089132785797e-02
1.442779973149299622e-02
1.418249495327472687e-02
1.325773820281028748e-02
1.546690240502357483e-02
1.118227466940879822e-02
1.100812852382659912e-02
1.199314929544925690e-02
1.300800126045942307e-02
1.368146575987339020e-02
1.336963102221488953e-02
1.149570103734731674e-02
1.663946732878684998e-02
1.185468211770057678e-02
1.246285438537597656e-02
1.211101002991199493e-02
1.303402148187160492e-02
1.227566041052341461e-02
9.981320239603519440e-03
1.232143212109804153e-02
1.181495003402233124e-02
1.277260389178991318e-02
1.172663737088441849e-02
1.128128170967102051e-02
1.331767439842224121e-02
1.411247905343770981e-02
1.264855079352855682e-02
1.098553463816642761e-02
1.215050928294658661e-02
1.517680659890174866e-02
1.374612376093864441e-02
1.213286072015762329e-02
1.357255410403013229e-02
1.248070411384105682e-02
1.356146950274705887e-02
1.029060687869787216e-02
1.248793024569749832e-02
1.128177251666784286e-02
1.245908811688423157e-02
1.316167879849672318e-02
1.399097684770822525e-02
1.279405970126390457e-02
1.523599587380886078e-02
1.147510297596454620e-02
1.415228564292192459e-02
1.174623612314462662e-02
1.156021468341350555e-02
1.417718920856714249e-02
1.181512977927923203e-02
1.098502054810523987e-02
1.429210323840379715e-02
1.325204130262136459e-02
1.366434246301651001e-02
1.259159855544567108e-02
1.100017037242650986e-02
1.284764800220727921e-02
2.035720460116863251e-02
1.268410030752420425e-02
3.087458573281764984e-02
1.696564815938472748e-02
1.380581036210060120e-02
1.080528553575277328e-02
1.159772835671901703e-02
1.262702420353889465e-02
1.227251440286636353e-02
1.261986233294010162e-02
1.165876816958189011e-02
1.249217987060546875e-02
1.268104463815689087e-02
1.275075040757656097e-02
1.084382180124521255e-02
1.488545816391706467e-02
1.368069089949131012e-02
1.217123586684465408e-02
1.167029794305562973e-02
1.363545097410678864e-02
1.176933944225311279e-02
1.815599203109741211e-02
1.113818399608135223e-02
1.262753922492265701e-02
1.502888835966587067e-02
1.561621483415365219e-02
1.390883512794971466e-02
1.148014888167381287e-02
1.130290515720844269e-02
1.213943772017955780e-02
1.175031065940856934e-02
1.587578840553760529e-02
1.365602761507034302e-02
1.039407681673765182e-02
1.294554676860570908e-02
1.262367237359285355e-02
1.195674110203981400e-02
1.323542930185794830e-02
1.126478519290685654e-02
1.149964798241853714e-02
1.263477839529514313e-02
1.548905018717050552e-02
9.592698886990547180e-03
1.459009572863578796e-02
1.466268114745616913e-02
1.344684325158596039e-02
1.277595944702625275e-02
1.268639042973518372e-02
1.283664442598819733e-02
1.089919824153184891e-02
1.074378844350576401e-02
1.164170913398265839e-02
1.180004794150590897e-02
1.441139262169599533e-02
1.281738840043544769e-02
1.185664348304271698e-02
1.178747508674860001e-02
1.072270609438419342e-02
1.449720561504364014e-02
1.310576964169740677e-02
1.341479457914829254e-02
1.330072060227394104e-02
1.267629861831665039e-02
1.139236148446798325e-02
1.234517712146043777e-02
1.239886879920959473e-02
1.231188606470823288e-02
1.311784610152244568e-02
1.182430703192949295e-02
1.219714153558015823e-02
1.242349017411470413e-02
1.281194947659969330e-02
1.388720981776714325e-02
1.138123311102390289e-02
1.188676059246063232e-02
1.070282235741615295e-02
1.548261661082506180e-02
1.212456915527582169e-02
1.282206550240516663e-02
1.187022123485803604e-02
1.203381456434726715e-02
1.786627247929573059e-02
1.021694950759410858e-02
1.289297454059123993e-02
1.465949416160583496e-02
1.239344198256731033e-02
1.138870045542716980e-02
1.197247020900249481e-02
1.273236609995365143e-02
1.307206321507692337e-02
1.299424655735492706e-02
1.290428545325994492e-02
1.287063397467136383e-02
1.156218349933624268e-02
1.485467609018087387e-02
1.206359453499317169e-02
1.422900892794132233e-02
1.274930965155363083e-02
1.588467694818973541e-02
1.301919016987085342e-02
1.212517078965902328e-02
1.258270163089036942e-02
1.195753086358308792e-02
1.325008738785982132e-02
1.086653582751750946e-02
1.394053921103477478e-02
1.075065881013870239e-02
1.257378421723842621e-02
1.234388165175914764e-02
1.079956162720918655e-02
1.153272204101085663e-02
1.327418815344572067e-02
1.134866103529930115e-02
1.449834927916526794e-02
1.224982179701328278e-02
1.223383843898773193e-02
9.902744553983211517e-03
1.182807423174381256e-02
1.208277512341737747e-02
1.595092192292213440e-02
1.076743751764297485e-02
1.182997971773147583e-02
1.322540547698736191e-02
1.165498420596122742e-02
1.185647770762443542e-02
1.255052536725997925e-02
1.188936270773410797e-02
1.202719099819660187e-02
1.300721894949674606e-02
1.124921627342700958e-02
1.283355243504047394e-02
1.306628622114658356e-02
1.439044065773487091e-02
1.339036319404840469e-02
1.161578856408596039e-02
1.364852022379636765e-02
1.362788956612348557e-02
1.268917322158813477e-02
9.673171676695346832e-03
1.397622842341661453e-02
1.258344575762748718e-02
1.183501351624727249e-02
1.199975889176130295e-02
1.470927987247705460e-02
1.395912095904350281e-02
1.251792721450328827e-02
1.349568925797939301e-02
1.218427997082471848e-02
1.434815675020217896e-02
1.285185292363166809e-02
1.295776199549436569e-02
1.399226579815149307e-02
1.166297495365142822e-02
1.044171582907438278e-02
1.139235310256481171e-02
1.353017985820770264e-02
1.219926867634057999e-02
1.392509974539279938e-02
1.210256200283765793e-02
1.093992311507463455e-02
1.233086548745632172e-02
1.448081433773040771e-02
1.243206392973661423e-02
1.195482444018125534e-02
1.136088650673627853e-02
1.314113475382328033e-02
1.335743442177772522e-02
1.063793990761041641e-02
1.136734709143638611e-02
1.192648243159055710e-02
1.586349867284297943e-02
1.330414880067110062e-02
1.221218891441822052e-02
1.340516656637191772e-02
1.174830924719572067e-02
1.077976357191801071e-02
1.156988088041543961e-02
1.354849245399236679e-02
1.319100987166166306e-02
1.123841013759374619e-02
1.135456096380949020e-02
1.176886819303035736e-02
1.407568156719207764e-02
1.065520942211151123e-02
1.155715342611074448e-02
1.241254713386297226e-02
1.145550236105918884e-02
1.150504220277070999e-02
1.252349838614463806e-02
1.110138744115829468e-02
1.155833434313535690e-02
1.142773870378732681e-02
1.082231383770704269e-02
1.130142249166965485e-02
1.180653087794780731e-02
1.216016896069049835e-02
1.246392261236906052e-02
1.149625144898891449e-02
1.254707667976617813e-02
1.490242499858140945e-02
1.460213493555784225e-02
1.277021784335374832e-02
1.226306706666946411e-02
1.440618466585874557e-02
1.232833135873079300e-02
1.184956543147563934e-02
1.265093777328729630e-02
1.396473404020071030e-02
1.467807218432426453e-02
1.224389299750328064e-02
1.210534945130348206e-02
1.258354354649782181e-02
1.194001361727714539e-02
1.082687638700008392e-02
1.315075438469648361e-02
1.150860544294118881e-02
1.141018886119127274e-02
1.375014707446098328e-02
1.289740670472383499e-02
1.483519375324249268e-02
1.227639801800251007e-02
1.196214556694030762e-02
1.247617136687040329e-02
1.344891265034675598e-02
1.331784389913082123e-02
1.255679503083229065e-02
1.629414595663547516e-02
1.261542458087205887e-02
1.139132212847471237e-02
1.002533175051212311e-02
1.362257450819015503e-02
1.269873045384883881e-02
1.106822770088911057e-02
1.350243855267763138e-02
1.261643413454294205e-02
1.109046489000320435e-02
1.245000772178173065e-02
1.326160039752721786e-02
1.272447314113378525e-02
1.677948981523513794e-02
1.344711054116487503e-02
1.173250749707221985e-02
1.277176383882761002e-02
1.385765057057142258e-02
1.299566961824893951e-02
1.340534724295139313e-02
1.232874486595392227e-02
1.241113711148500443e-02
1.249467954039573669e-02
1.341047417372465134e-02
1.152587682008743286e-02
1.110098510980606079e-02
1.171861775219440460e-02
1.245509367436170578e-02
1.359058730304241180e-02
1.096300594508647919e-02
1.234283484518527985e-02
1.103943213820457458e-02
1.251794211566448212e-02
1.169326156377792358e-02
1.169860083609819412e-02
1.352559495717287064e-02
1.225747074931859970e-02
1.256719324737787247e-02
1.497558597475290298e-02
1.252792682498693466e-02
1.355442032217979431e-02
1.131824869662523270e-02
1.252617780119180679e-02
1.228828262537717819e-02
1.358125172555446625e-02
1.196417957544326782e-02
1.244508475065231323e-02
1.440413016825914383e-02
1.638826355338096619e-02
1.275727059692144394e-02
1.231724116951227188e-02
1.143497601151466370e-02
1.172569114714860916e-02
1.303909998387098312e-02
1.211928669363260269e-02
1.385793089866638184e-02
1.120066829025745392e-02
1.295624207705259323e-02
1.295145880430936813e-02
1.286922115832567215e-02
1.262943260371685028e-02
1.602198183536529541e-02
1.135059446096420288e-02
1.141134183853864670e-02
1.428562588989734650e-02
1.223690807819366455e-02
1.299094036221504211e-02
1.203061733394861221e-02
1.191630214452743530e-02
1.064200047403573990e-02
1.366076339036226273e-02
1.393252518028020859e-02
1.271547842770814896e-02
1.483214460313320160e-02
1.198422629386186600e-02
1.262985076755285263e-02
1.147337164729833603e-02
1.374460011720657349e-02
1.139258313924074173e-02
1.193929370492696762e-02
1.316025294363498688e-02
1.390108093619346619e-02
1.258063595741987228e-02
1.131268870085477829e-02
1.075511984527111053e-02
1.158387027680873871e-02
1.251417864114046097e-02
1.215303968638181686e-02
1.304690632969141006e-02
1.124880649149417877e-02
1.190301775932312012e-02
1.236745622009038925e-02
1.133781392127275467e-02
1.255909539759159088e-02
1.186907850205898285e-02
1.210545003414154053e-02
1.022334955632686615e-02
1.506820507347583771e-02
1.386216469109058380e-02
1.099065411835908890e-02
1.248597539961338043e-02
1.265090424567461014e-02
1.086029596626758575e-02
1.325221359729766846e-02
1.501391269266605377e-02
1.257648691534996033e-02
1.256507728248834610e-02
1.220153085887432098e-02
1.427917927503585815e-02
1.033739652484655380e-02
1.389948558062314987e-02
1.315789576619863510e-02
1.228242646902799606e-02
1.469352934509515762e-02
1.089070551097393036e-02
1.476208772510290146e-02
1.085854601114988327e-02
1.071986090391874313e-02
1.124252844601869583e-02
1.500249374657869339e-02
1.277179643511772156e-02
1.131740584969520569e-02
1.257109362632036209e-02
1.618769764900207520e-02
1.351596694439649582e-02
