2.370530664920806885e-01
3.433135449886322021e-01
3.279302120208740234e-01
4.642200469970703125e-01
2.233021110296249390e-01
2.369825392961502075e-01
2.175793200731277466e-01
3.792585432529449463e-01
3.139978051185607910e-01
2.803487479686737061e-01
2.433542162179946899e-01
2.116046100854873657e-01
2.477715611457824707e-01
2.435277551412582397e-01
2.297510802745819092e-01
3.172211050987243652e-01
2.725023925304412842e-01
6.510923504829406738e-01
2.925384640693664551e-01
2.281285673379898071e-01
2.278647869825363159e-01
4.254077970981597900e-01
2.341537922620773315e-01
3.327866494655609131e-01
2.631821036338806152e-01
2.175509929656982422e-01
3.179796040058135986e-01
3.892842531204223633e-01
1.386506557464599609e-01
2.273510992527008057e-01
3.378931581974029541e-01
7.673643529415130615e-02
2.253472059965133667e-01
2.504412531852722168e-01
1.989785134792327881e-01
1.950984150171279907e-01
2.565633654594421387e-01
3.252692818641662598e-01
2.796545624732971191e-01
3.149246275424957275e-01
2.372886687517166138e-01
2.532929480075836182e-01
1.955988407135009766e-01
3.235685825347900391e-01
2.092722207307815552e-01
2.332838922739028931e-01
2.300176173448562622e-01
5.018931031227111816e-01
2.829923629760742188e-01
1.885290294885635376e-01
3.263590931892395020e-01
2.722187936305999756e-01
2.368739545345306396e-01
2.429860085248947144e-01
3.624765872955322266e-01
2.164798229932785034e-01
4.700037837028503418e-01
3.046962022781372070e-01
3.675417602062225342e-01
2.641449868679046631e-01
1.979086548089981079e-01
2.664414942264556885e-01
3.448283672332763672e-01
2.004935890436172485e-01
2.450387179851531982e-01
4.351137876510620117e-01
2.688977420330047607e-01
1.632054895162582397e-01
3.087232708930969238e-01
1.209289059042930603e-01
2.153031826019287109e-01
1.591953635215759277e-01
2.960475087165832520e-01
1.422564387321472168e-01
2.951274216175079346e-01
2.706141471862792969e-01
2.006943225860595703e-01
2.938727736473083496e-01
2.209937274456024170e-01
2.243118733167648315e-01
2.464696615934371948e-01
3.910022675991058350e-01
4.598653316497802734e-01
5.416994094848632812e-01
2.147471159696578979e-01
3.468711376190185547e-01
2.702545821666717529e-01
2.229414731264114380e-01
3.644505143165588379e-01
2.647036015987396240e-01
2.421186715364456177e-01
2.491874396800994873e-01
1.665768474340438843e-01
2.762578725814819336e-01
2.560011446475982666e-01
2.151089906692504883e-01
3.363498151302337646e-01
2.767449915409088135e-01
2.515791654586791992e-01
2.988405823707580566e-01
2.622123956680297852e-01
3.499039709568023682e-01
3.001382350921630859e-01
3.907480239868164062e-01
3.184235394001007080e-01
2.232674509286880493e-01
2.648822069168090820e-01
2.109721451997756958e-01
2.034218907356262207e-01
2.752243280410766602e-01
2.313998788595199585e-01
3.479851186275482178e-01
2.237674742937088013e-01
2.892125248908996582e-01
1.990996748208999634e-01
2.923046052455902100e-01
3.259251415729522705e-01
7.221717387437820435e-02
3.038658797740936279e-01
3.041283786296844482e-01
3.803010284900665283e-01
2.567974030971527100e-01
2.382287085056304932e-01
3.056888878345489502e-01
2.651560902595520020e-01
1.532129049301147461e-01
2.109635174274444580e-01
2.567391991615295410e-01
3.148235678672790527e-01
2.746226787567138672e-01
1.833148300647735596e-01
1.950234919786453247e-01
1.116407886147499084e-01
2.279482930898666382e-01
3.705499172210693359e-01
2.477273046970367432e-01
1.999555081129074097e-01
3.060491383075714111e-01
2.547734677791595459e-01
2.467579096555709839e-01
3.027869164943695068e-01
1.920771896839141846e-01
2.952124178409576416e-01
1.980445235967636108e-01
2.135462611913681030e-01
1.582951843738555908e-01
1.585625410079956055e-01
3.944412171840667725e-01
2.351709455251693726e-01
3.946570456027984619e-01
2.739753723144531250e-01
2.860943675041198730e-01
1.856103390455245972e-01
2.701560854911804199e-01
2.985834479331970215e-01
1.728374361991882324e-01
2.657673954963684082e-01
2.696266472339630127e-01
2.027759402990341187e-01
1.838176250457763672e-01
3.175621628761291504e-01
6.245519518852233887e-01
2.631499171257019043e-01
3.854708671569824219e-01
2.073806524276733398e-01
2.317127436399459839e-01
4.170593023300170898e-01
2.044367790222167969e-01
2.925737202167510986e-01
3.506120443344116211e-01
2.305255234241485596e-01
2.400121092796325684e-01
1.419782340526580811e-01
1.093232408165931702e-01
2.756650447845458984e-01
3.252774178981781006e-01
2.333931624889373779e-01
1.649549901485443115e-01
4.026286602020263672e-01
2.065735161304473877e-01
1.789931207895278931e-01
3.032389879226684570e-01
5.658055543899536133e-01
3.246056139469146729e-01
3.833958804607391357e-01
3.253972232341766357e-01
1.771916896104812622e-01
2.908610701560974121e-01
2.350241094827651978e-01
2.518747746944427490e-01
1.968096196651458740e-01
2.003408968448638916e-01
3.212795853614807129e-01
4.802196025848388672e-01
2.543137073516845703e-01
2.577708065509796143e-01
3.280142545700073242e-01
2.269784361124038696e-01
3.044436872005462646e-01
2.273117899894714355e-01
2.447133064270019531e-01
2.527210116386413574e-01
4.136454164981842041e-01
2.588277161121368408e-01
3.588652312755584717e-01
2.687537670135498047e-01
2.115347981452941895e-01
2.022347152233123779e-01
3.186185061931610107e-01
3.740307390689849854e-01
1.784581094980239868e-01
2.074244618415832520e-01
2.345665395259857178e-01
3.566280305385589600e-01
2.622612416744232178e-01
2.620329558849334717e-01
2.879631221294403076e-01
1.461817175149917603e-01
1.895967870950698853e-01
2.777276933193206787e-01
1.852005422115325928e-01
3.239527046680450439e-01
2.748353481292724609e-01
2.163811177015304565e-01
3.065968453884124756e-01
1.844788044691085815e-01
3.992466628551483154e-01
1.695177108049392700e-01
4.410878121852874756e-01
2.812368273735046387e-01
2.730391919612884521e-01
2.783809006214141846e-01
1.861129105091094971e-01
3.589332103729248047e-01
1.934352368116378784e-01
3.320215940475463867e-01
3.349607884883880615e-01
2.654946446418762207e-01
2.739835679531097412e-01
3.185330033302307129e-01
2.632861137390136719e-01
2.458428293466567993e-01
2.003392428159713745e-01
2.809121310710906982e-01
3.049414157867431641e-01
2.050050795078277588e-01
2.904309332370758057e-01
2.380957603454589844e-01
3.278009593486785889e-01
3.483814001083374023e-01
4.293290078639984131e-01
2.422228753566741943e-01
2.858859002590179443e-01
1.863992065191268921e-01
2.954325675964355469e-01
5.633748173713684082e-01
2.080588042736053467e-01
3.743257522583007812e-01
2.901916205883026123e-01
3.820457458496093750e-01
3.068735599517822266e-01
2.100704759359359741e-01
2.750393450260162354e-01
2.878171503543853760e-01
1.870393604040145874e-01
3.015131354331970215e-01
1.661142855882644653e-01
2.997852861881256104e-01
3.101076781749725342e-01
2.521932721138000488e-01
2.419273406267166138e-01
1.758030652999877930e-01
2.681315839290618896e-01
2.811905443668365479e-01
1.495094299316406250e-01
2.867741286754608154e-01
3.156777024269104004e-01
2.587177753448486328e-01
2.436706125736236572e-01
1.467205286026000977e-01
5.416474342346191406e-01
2.489588558673858643e-01
2.831206917762756348e-01
2.782687246799468994e-01
1.613887995481491089e-01
1.962828338146209717e-01
2.034109979867935181e-01
2.364089936017990112e-01
2.527432441711425781e-01
1.573187857866287231e-01
3.183539807796478271e-01
2.841438055038452148e-01
1.612634956836700439e-01
1.488574594259262085e-01
2.850058078765869141e-01
1.624992638826370239e-01
3.276703655719757080e-01
4.935677945613861084e-01
2.779503762722015381e-01
3.177784085273742676e-01
1.742646694183349609e-01
2.157754153013229370e-01
2.221693843603134155e-01
2.820633947849273682e-01
4.267337918281555176e-01
2.713485062122344971e-01
1.778360605239868164e-01
3.066512942314147949e-01
2.270265966653823853e-01
1.772182583808898926e-01
3.896821737289428711e-01
2.922989130020141602e-01
4.843419194221496582e-01
2.344771921634674072e-01
2.327250093221664429e-01
2.740101814270019531e-01
2.699511647224426270e-01
2.803658246994018555e-01
4.035221934318542480e-01
1.500914543867111206e-01
3.329209983348846436e-01
3.286499083042144775e-01
2.803346812725067139e-01
2.308564931154251099e-01
1.738350540399551392e-01
3.269788324832916260e-01
3.097474277019500732e-01
1.807631850242614746e-01
2.384207993745803833e-01
2.106954604387283325e-01
3.240028321743011475e-01
3.345939815044403076e-01
2.235837578773498535e-01
2.061107009649276733e-01
2.686648368835449219e-01
2.359528839588165283e-01
3.337874114513397217e-01
2.693938612937927246e-01
3.202561438083648682e-01
2.894840836524963379e-01
1.884205639362335205e-01
1.491037309169769287e-01
3.957036137580871582e-01
5.166718959808349609e-01
3.406723439693450928e-01
1.853626817464828491e-01
1.815592646598815918e-01
2.625634968280792236e-01
1.855288296937942505e-01
2.219329029321670532e-01
1.482247412204742432e-01
2.584418654441833496e-01
2.457741945981979370e-01
2.616176009178161621e-01
2.396157234907150269e-01
2.401721179485321045e-01
2.423314005136489868e-01
3.463446795940399170e-01
2.730916440486907959e-01
1.523774266242980957e-01
2.514412105083465576e-01
2.760480344295501709e-01
1.733787357807159424e-01
2.714896500110626221e-01
4.052215516567230225e-01
2.252490222454071045e-01
3.676096796989440918e-01
3.070181608200073242e-01
3.126682937145233154e-01
1.836128383874893188e-01
4.329884350299835205e-01
2.203151136636734009e-01
2.073334753513336182e-01
2.803250253200531006e-01
2.983978688716888428e-01
2.191123366355895996e-01
3.271677494049072266e-01
2.267212867736816406e-01
2.749235928058624268e-01
3.056039512157440186e-01
4.565995335578918457e-01
2.961809039115905762e-01
3.528232574462890625e-01
3.235514163970947266e-01
4.220298826694488525e-01
2.715297341346740723e-01
2.255536615848541260e-01
2.902832031250000000e-01
1.828786879777908325e-01
3.994087278842926025e-01
2.820089757442474365e-01
2.471023052930831909e-01
1.647378802299499512e-01
3.654299378395080566e-01
4.504324793815612793e-01
2.685130834579467773e-01
2.991578876972198486e-01
2.825001478195190430e-01
2.434810101985931396e-01
2.212415337562561035e-01
4.300436377525329590e-01
4.341591894626617432e-01
1.987851113080978394e-01
2.862808108329772949e-01
3.397677838802337646e-01
2.444371730089187622e-01
2.904667258262634277e-01
2.559274435043334961e-01
2.586241960525512695e-01
1.701580733060836792e-01
1.906067132949829102e-01
2.536225020885467529e-01
2.978266179561614990e-01
2.498188167810440063e-01
3.776779770851135254e-01
2.252497971057891846e-01
2.471968978643417358e-01
2.242598682641983032e-01
1.731958836317062378e-01
2.193876951932907104e-01
2.090605348348617554e-01
2.820147871971130371e-01
2.897565960884094238e-01
2.886622548103332520e-01
3.291907310485839844e-01
1.643624007701873779e-01
2.962293624877929688e-01
3.278885483741760254e-01
2.535443305969238281e-01
2.795408666133880615e-01
2.238028049468994141e-01
2.606696188449859619e-01
1.936942785978317261e-01
2.679513990879058838e-01
2.418411970138549805e-01
5.193285346031188965e-01
2.501752674579620361e-01
3.146856725215911865e-01
2.165835946798324585e-01
2.313137501478195190e-01
2.026798874139785767e-01
1.879807561635971069e-01
2.180129736661911011e-01
3.826181590557098389e-01
3.870996236801147461e-01
2.357526719570159912e-01
3.555670678615570068e-01
2.271644026041030884e-01
3.272120952606201172e-01
3.442261219024658203e-01
3.153828978538513184e-01
1.992677748203277588e-01
3.135375082492828369e-01
2.254076898097991943e-01
3.048283159732818604e-01
2.658324241638183594e-01
3.337237238883972168e-01
2.679484784603118896e-01
2.670085728168487549e-01
2.363157570362091064e-01
4.347413182258605957e-01
1.930611133575439453e-01
1.995285600423812866e-01
2.072496712207794189e-01
3.202010989189147949e-01
2.666785120964050293e-01
2.304669767618179321e-01
2.383017688989639282e-01
2.246349155902862549e-01
2.562329769134521484e-01
2.836655080318450928e-01
4.045708179473876953e-01
2.786169350147247314e-01
2.243330925703048706e-01
1.591016054153442383e-01
1.923326849937438965e-01
1.893823444843292236e-01
2.495507597923278809e-01
1.140051707625389099e-01
3.128172755241394043e-01
3.196560144424438477e-01
3.530334830284118652e-01
2.998840808868408203e-01
2.115290611982345581e-01
4.718198180198669434e-01
2.979074716567993164e-01
3.472071290016174316e-01
2.889952659606933594e-01
4.739777743816375732e-01
2.230122983455657959e-01
3.629893958568572998e-01
4.014760851860046387e-01
2.446229308843612671e-01
1.896585375070571899e-01
1.460005640983581543e-01
1.874428093433380127e-01
2.733552753925323486e-01
2.366316169500350952e-01
3.000863790512084961e-01
2.358973324298858643e-01
2.687703967094421387e-01
3.255638778209686279e-01
2.749376595020294189e-01
2.848321795463562012e-01
2.299166917800903320e-01
3.001144826412200928e-01
4.817553758621215820e-01
3.073681592941284180e-01
3.164062798023223877e-01
3.114342391490936279e-01
3.548510372638702393e-01
2.858932018280029297e-01
