2.586530447006225586e-01
3.072539567947387695e-01
2.594596743583679199e-01
3.223222196102142334e-01
2.662403285503387451e-01
2.651757001876831055e-01
2.575154304504394531e-01
2.660025358200073242e-01
2.765707075595855713e-01
2.413776069879531860e-01
3.044525980949401855e-01
2.853343784809112549e-01
2.821241021156311035e-01
2.879918813705444336e-01
3.093602955341339111e-01
3.444125056266784668e-01
3.154571652412414551e-01
4.129252731800079346e-01
2.109744399785995483e-01
2.902607619762420654e-01
2.495612353086471558e-01
2.601289749145507812e-01
2.966867685317993164e-01
3.032794296741485596e-01
4.151801466941833496e-01
2.718992233276367188e-01
3.661116659641265869e-01
3.250544667243957520e-01
3.898427784442901611e-01
3.346170186996459961e-01
2.753267586231231689e-01
2.712043821811676025e-01
2.413992881774902344e-01
3.350723087787628174e-01
3.394268751144409180e-01
3.167341947555541992e-01
3.360152840614318848e-01
2.666166722774505615e-01
2.108849883079528809e-01
2.704909741878509521e-01
2.587456703186035156e-01
3.070025146007537842e-01
2.719740867614746094e-01
2.315818369388580322e-01
2.884804606437683105e-01
2.883593738079071045e-01
2.955239713191986084e-01
3.057457804679870605e-01
3.042702674865722656e-01
2.596405744552612305e-01
2.672959864139556885e-01
1.929295212030410767e-01
3.136071264743804932e-01
3.593076765537261963e-01
2.621863484382629395e-01
2.930814027786254883e-01
3.294681906700134277e-01
2.513897418975830078e-01
3.208311200141906738e-01
2.798457145690917969e-01
3.259174227714538574e-01
2.939232885837554932e-01
2.389545440673828125e-01
3.105197846889495850e-01
3.471355438232421875e-01
2.811577916145324707e-01
2.147593796253204346e-01
2.996510267257690430e-01
3.061111271381378174e-01
2.739665210247039795e-01
2.790722250938415527e-01
3.790258169174194336e-01
3.591558337211608887e-01
3.247151970863342285e-01
2.995424568653106689e-01
2.735069692134857178e-01
3.356148600578308105e-01
2.702663838863372803e-01
3.254832029342651367e-01
3.127409517765045166e-01
2.783060967922210693e-01
2.702185511589050293e-01
3.900339305400848389e-01
2.941815257072448730e-01
2.898619771003723145e-01
3.460778892040252686e-01
3.432291448116302490e-01
4.684877395629882812e-01
2.634059190750122070e-01
2.553414106369018555e-01
3.018663525581359863e-01
3.960596621036529541e-01
2.742017507553100586e-01
2.994773685932159424e-01
3.858287334442138672e-01
2.785309255123138428e-01
3.211556673049926758e-01
3.108906745910644531e-01
3.641628026962280273e-01
2.193102240562438965e-01
2.643265128135681152e-01
2.332751303911209106e-01
3.150629103183746338e-01
3.101633787155151367e-01
2.935778796672821045e-01
2.373937517404556274e-01
2.418942153453826904e-01
2.975882291793823242e-01
3.335373401641845703e-01
2.618663609027862549e-01
3.983814716339111328e-01
2.721330225467681885e-01
2.718315422534942627e-01
2.678287923336029053e-01
2.757220566272735596e-01
2.444826364517211914e-01
3.508072495460510254e-01
2.173706889152526855e-01
3.309435248374938965e-01
2.652932703495025635e-01
2.564386129379272461e-01
1.748370081186294556e-01
3.176941871643066406e-01
2.750730812549591064e-01
2.066736668348312378e-01
2.904969453811645508e-01
2.761537730693817139e-01
3.329032063484191895e-01
2.738023996353149414e-01
3.224437236785888672e-01
2.198527306318283081e-01
2.997319102287292480e-01
2.205566167831420898e-01
3.212672770023345947e-01
2.760349512100219727e-01
3.927092254161834717e-01
3.173514604568481445e-01
2.698063552379608154e-01
2.987733483314514160e-01
2.609525918960571289e-01
2.550234496593475342e-01
2.788186669349670410e-01
4.445294141769409180e-01
2.861555516719818115e-01
3.606255650520324707e-01
3.278962075710296631e-01
2.868769466876983643e-01
3.293843269348144531e-01
2.243513017892837524e-01
2.338129878044128418e-01
1.754451990127563477e-01
2.318300604820251465e-01
3.185847997665405273e-01
3.322248160839080811e-01
2.255064547061920166e-01
3.040869832038879395e-01
2.837121784687042236e-01
3.276110887527465820e-01
2.392074018716812134e-01
3.667560517787933350e-01
1.971453875303268433e-01
2.946433424949645996e-01
3.612555861473083496e-01
2.736334502696990967e-01
2.553694546222686768e-01
2.860213816165924072e-01
2.510892748832702637e-01
3.489633500576019287e-01
3.253438174724578857e-01
2.934268116950988770e-01
2.026689946651458740e-01
2.580121159553527832e-01
2.200203984975814819e-01
3.089274168014526367e-01
3.074045777320861816e-01
3.332018554210662842e-01
2.942669093608856201e-01
3.375492095947265625e-01
2.330248802900314331e-01
2.610633969306945801e-01
3.382644355297088623e-01
2.837434411048889160e-01
3.545840382575988770e-01
3.093018531799316406e-01
3.790912032127380371e-01
2.197293490171432495e-01
2.647847235202789307e-01
2.829713821411132812e-01
2.586637139320373535e-01
3.588468432426452637e-01
2.830085754394531250e-01
3.971423506736755371e-01
3.194170296192169189e-01
3.066084980964660645e-01
2.754144668579101562e-01
2.647315561771392822e-01
9.699107706546783447e-02
2.182337939739227295e-01
2.334322184324264526e-01
2.624421119689941406e-01
1.829247474670410156e-01
2.932566106319427490e-01
2.746601104736328125e-01
3.001135587692260742e-01
2.996291518211364746e-01
3.107120394706726074e-01
3.255523443222045898e-01
2.939572036266326904e-01
3.900910615921020508e-01
2.790434658527374268e-01
3.030453622341156006e-01
2.838458120822906494e-01
3.010350167751312256e-01
3.043720126152038574e-01
3.478793501853942871e-01
3.087206780910491943e-01
2.611196339130401611e-01
1.958159506320953369e-01
2.941358089447021484e-01
2.558407187461853027e-01
2.889335453510284424e-01
3.148362338542938232e-01
2.516403496265411377e-01
2.663898169994354248e-01
2.861503958702087402e-01
3.939625918865203857e-01
2.932560443878173828e-01
2.781492173671722412e-01
3.796418905258178711e-01
3.021510243415832520e-01
2.582934200763702393e-01
3.021145462989807129e-01
2.783766686916351318e-01
2.967399358749389648e-01
2.994191646575927734e-01
3.855932950973510742e-01
3.276989758014678955e-01
2.587162256240844727e-01
2.539085149765014648e-01
2.823886871337890625e-01
2.633562684059143066e-01
1.489269137382507324e-01
2.205370217561721802e-01
3.928975164890289307e-01
3.400550186634063721e-01
2.716992199420928955e-01
2.789202928543090820e-01
2.917133271694183350e-01
3.177397251129150391e-01
1.992245465517044067e-01
3.683646619319915771e-01
3.119542300701141357e-01
3.201308846473693848e-01
2.810203433036804199e-01
2.302167266607284546e-01
2.779278457164764404e-01
2.864865660667419434e-01
2.857865989208221436e-01
2.712872326374053955e-01
1.601115018129348755e-01
2.495806515216827393e-01
2.895237803459167480e-01
3.153953552246093750e-01
3.442779779434204102e-01
3.285175263881683350e-01
3.444321155548095703e-01
3.251076638698577881e-01
3.235014975070953369e-01
3.375088572502136230e-01
2.282355129718780518e-01
2.128379344940185547e-01
1.795356422662734985e-01
3.077212572097778320e-01
3.005130887031555176e-01
2.774694561958312988e-01
3.054153323173522949e-01
2.914145886898040771e-01
3.535043299198150635e-01
2.870993316173553467e-01
2.669115960597991943e-01
3.961214125156402588e-01
2.674437463283538818e-01
3.898268043994903564e-01
3.183372616767883301e-01
3.242194950580596924e-01
2.788951396942138672e-01
1.910836100578308105e-01
2.568548619747161865e-01
3.427337110042572021e-01
2.464240491390228271e-01
2.778463959693908691e-01
2.097667455673217773e-01
3.018586635589599609e-01
3.145313262939453125e-01
3.270717561244964600e-01
2.914176285266876221e-01
2.618500590324401855e-01
2.642852663993835449e-01
3.039157390594482422e-01
2.520172894001007080e-01
2.099207490682601929e-01
3.643079996109008789e-01
2.914549708366394043e-01
1.957476437091827393e-01
3.285704851150512695e-01
2.355455160140991211e-01
3.209843635559082031e-01
2.981920242309570312e-01
3.388309776782989502e-01
3.449646234512329102e-01
3.716176748275756836e-01
2.897844314575195312e-01
2.845856249332427979e-01
2.805020809173583984e-01
2.219483107328414917e-01
2.909753322601318359e-01
2.680676281452178955e-01
3.162521123886108398e-01
1.964274793863296509e-01
3.176108598709106445e-01
3.092195689678192139e-01
2.706128358840942383e-01
2.504652440547943115e-01
2.508101463317871094e-01
3.166174590587615967e-01
3.582506775856018066e-01
1.562634408473968506e-01
2.608235478401184082e-01
2.892244458198547363e-01
3.400599360466003418e-01
2.890979349613189697e-01
3.125867545604705811e-01
2.172150909900665283e-01
2.458872646093368530e-01
2.651208341121673584e-01
4.052112400531768799e-01
2.985717952251434326e-01
3.025912642478942871e-01
3.772658109664916992e-01
2.261886298656463623e-01
2.675204277038574219e-01
2.899937331676483154e-01
3.759355247020721436e-01
3.200864195823669434e-01
2.566769719123840332e-01
3.443244695663452148e-01
2.347744256258010864e-01
3.056894540786743164e-01
2.346771508455276489e-01
3.276603519916534424e-01
2.937737405300140381e-01
2.745543420314788818e-01
2.805294394493103027e-01
2.421386241912841797e-01
3.590163588523864746e-01
2.622163593769073486e-01
2.773163616657257080e-01
2.396424412727355957e-01
2.134114950895309448e-01
2.727164030075073242e-01
2.984377741813659668e-01
2.744326591491699219e-01
2.590928077697753906e-01
2.627763748168945312e-01
3.568100035190582275e-01
2.009103596210479736e-01
3.219505846500396729e-01
2.867744565010070801e-01
2.561325728893280029e-01
3.113394677639007568e-01
2.137826234102249146e-01
3.136265873908996582e-01
2.744664847850799561e-01
3.045812249183654785e-01
3.041637241840362549e-01
1.972306370735168457e-01
2.814536690711975098e-01
2.542215287685394287e-01
2.983388602733612061e-01
2.613081037998199463e-01
2.667689323425292969e-01
3.142484426498413086e-01
2.930406033992767334e-01
3.799503743648529053e-01
1.965889930725097656e-01
2.947699725627899170e-01
3.363252580165863037e-01
2.713142931461334229e-01
3.624768257141113281e-01
2.908503711223602295e-01
2.695465981960296631e-01
3.110777139663696289e-01
3.241653144359588623e-01
3.008729219436645508e-01
3.230661153793334961e-01
3.050761222839355469e-01
2.011715620756149292e-01
2.715876996517181396e-01
3.691982626914978027e-01
2.693754732608795166e-01
1.481076180934906006e-01
2.858471572399139404e-01
2.818873822689056396e-01
2.391372621059417725e-01
2.866525352001190186e-01
3.466420769691467285e-01
3.430999219417572021e-01
2.364936619997024536e-01
3.356509506702423096e-01
1.685385853052139282e-01
2.924537062644958496e-01
3.092480897903442383e-01
3.126987516880035400e-01
1.883450895547866821e-01
2.560733854770660400e-01
3.086088299751281738e-01
1.732373535633087158e-01
2.988851964473724365e-01
3.234579861164093018e-01
2.692831456661224365e-01
2.630329132080078125e-01
2.913370132446289062e-01
2.786469161510467529e-01
3.124367892742156982e-01
3.097965717315673828e-01
2.695253789424896240e-01
2.403319031000137329e-01
2.906066477298736572e-01
2.783803045749664307e-01
2.653813958168029785e-01
3.485339581966400146e-01
3.938504755496978760e-01
3.033100366592407227e-01
3.145082890987396240e-01
2.622222602367401123e-01
1.539913266897201538e-01
2.789611816406250000e-01
2.966573536396026611e-01
1.954354196786880493e-01
2.632143795490264893e-01
2.957336902618408203e-01
2.581324875354766846e-01
3.230634033679962158e-01
2.794818282127380371e-01
2.859469056129455566e-01
3.138978183269500732e-01
2.488180547952651978e-01
2.404135167598724365e-01
3.714018762111663818e-01
2.648560106754302979e-01
2.267004400491714478e-01
2.878244817256927490e-01
3.462301790714263916e-01
3.062787950038909912e-01
3.179705440998077393e-01
1.725711077451705933e-01
3.153029978275299072e-01
2.624683380126953125e-01
3.019759654998779297e-01
2.996453642845153809e-01
3.632470369338989258e-01
1.541061550378799438e-01
3.191854655742645264e-01
2.199626863002777100e-01
2.893930673599243164e-01
2.621597647666931152e-01
2.533825039863586426e-01
2.934571504592895508e-01
3.207693994045257568e-01
2.230562269687652588e-01
2.743289470672607422e-01
3.023372590541839600e-01
2.829413712024688721e-01
2.394355833530426025e-01
2.506158053874969482e-01
3.511592447757720947e-01
3.365794122219085693e-01
2.665912210941314697e-01
2.930111587047576904e-01
3.049278259277343750e-01
2.320989072322845459e-01
3.396873474121093750e-01
2.726548910140991211e-01
2.899747788906097412e-01
3.146382570266723633e-01
2.681820392608642578e-01
3.093512654304504395e-01
3.717753589153289795e-01
3.386926949024200439e-01
3.202032744884490967e-01
2.422820329666137695e-01
2.745476961135864258e-01
2.965509891510009766e-01
2.500190138816833496e-01
2.329270839691162109e-01
3.419284224510192871e-01
2.928043603897094727e-01
3.535863161087036133e-01
3.739314973354339600e-01
1.935410797595977783e-01
2.669998407363891602e-01
2.845976054668426514e-01
2.582587003707885742e-01
3.782809078693389893e-01
2.825971543788909912e-01
2.928676307201385498e-01
2.727865874767303467e-01
3.644534051418304443e-01
2.770476639270782471e-01
2.756357192993164062e-01
2.522643506526947021e-01
2.499637752771377563e-01
