1.572718918323516846e-01
1.214936897158622742e-01
1.108897700905799866e-01
1.383322179317474365e-01
1.542312353849411011e-01
1.191595718264579773e-01
1.379970014095306396e-01
1.564507484436035156e-01
1.039578020572662354e-01
1.226914301514625549e-01
1.210311278700828552e-01
1.087889969348907471e-01
1.507413983345031738e-01
1.228999644517898560e-01
1.181880757212638855e-01
1.030531451106071472e-01
1.235577315092086792e-01
1.419638097286224365e-01
2.724934816360473633e-01
1.137420758605003357e-01
1.289857625961303711e-01
1.196582540869712830e-01
1.203043311834335327e-01
1.205111891031265259e-01
1.338570713996887207e-01
1.468078196048736572e-01
9.180556982755661011e-02
1.423262208700180054e-01
1.280610710382461548e-01
1.052572280168533325e-01
1.406154185533523560e-01
1.437506079673767090e-01
1.693595945835113525e-01
1.591244041919708252e-01
1.214998736977577209e-01
1.267385482788085938e-01
1.490515023469924927e-01
1.543919146060943604e-01
1.516259163618087769e-01
1.206184700131416321e-01
1.408594846725463867e-01
1.486856043338775635e-01
1.339818537235260010e-01
1.211937144398689270e-01
1.691617816686630249e-01
1.352129429578781128e-01
1.199710071086883545e-01
1.342041194438934326e-01
1.134149506688117981e-01
1.254477649927139282e-01
1.213015615940093994e-01
1.792689412832260132e-01
1.327511966228485107e-01
1.295232325792312622e-01
1.581714153289794922e-01
1.490591466426849365e-01
1.182466074824333191e-01
1.429655104875564575e-01
1.205252707004547119e-01
1.281632035970687866e-01
1.373329460620880127e-01
1.033939123153686523e-01
1.205827891826629639e-01
8.709108084440231323e-02
8.479533344507217407e-02
1.330240815877914429e-01
2.005926221609115601e-01
1.260791718959808350e-01
1.236147359013557434e-01
1.034339144825935364e-01
1.262547373771667480e-01
1.354512274265289307e-01
1.410953551530838013e-01
1.223585084080696106e-01
1.369567662477493286e-01
1.594377160072326660e-01
1.324754208326339722e-01
1.217337921261787415e-01
1.414819657802581787e-01
1.337732076644897461e-01
1.612168252468109131e-01
1.260544210672378540e-01
1.384239494800567627e-01
1.486968249082565308e-01
1.365294158458709717e-01
1.151581481099128723e-01
1.112431287765502930e-01
2.106550484895706177e-01
1.500674337148666382e-01
1.499249041080474854e-01
1.465731561183929443e-01
1.246516406536102295e-01
1.302909702062606812e-01
1.795987486839294434e-01
1.399145424365997314e-01
1.381976604461669922e-01
1.268328279256820679e-01
1.446130275726318359e-01
1.197489425539970398e-01
1.813805997371673584e-01
1.355872899293899536e-01
1.554622352123260498e-01
1.190601065754890442e-01
1.518022269010543823e-01
1.481318771839141846e-01
1.677348166704177856e-01
1.663500219583511353e-01
1.375000774860382080e-01
1.301867663860321045e-01
1.574528813362121582e-01
1.044279932975769043e-01
1.488591134548187256e-01
1.322609931230545044e-01
1.656677424907684326e-01
1.362750530242919922e-01
1.649933159351348877e-01
1.388208121061325073e-01
1.572252810001373291e-01
1.097122356295585632e-01
1.532180160284042358e-01
1.117648482322692871e-01
1.582292020320892334e-01
1.239952519536018372e-01
1.371088176965713501e-01
1.478883624076843262e-01
1.441301405429840088e-01
1.202302649617195129e-01
1.071645393967628479e-01
1.245138645172119141e-01
1.441106051206588745e-01
1.704454123973846436e-01
1.055461764335632324e-01
1.728465855121612549e-01
1.529144197702407837e-01
1.169893294572830200e-01
1.075409278273582458e-01
1.314705461263656616e-01
1.389151513576507568e-01
1.053659990429878235e-01
1.394518166780471802e-01
1.458966434001922607e-01
1.135968863964080811e-01
1.329286098480224609e-01
1.357300877571105957e-01
1.531824916601181030e-01
1.204576045274734497e-01
1.302492916584014893e-01
1.067444011569023132e-01
1.683437824249267578e-01
1.298683583736419678e-01
1.857998967170715332e-01
1.210442706942558289e-01
1.352917104959487915e-01
1.287029534578323364e-01
1.353672891855239868e-01
1.247297152876853943e-01
1.326760053634643555e-01
1.451614350080490112e-01
1.282912939786911011e-01
1.383833140134811401e-01
1.479785740375518799e-01
1.389922052621841431e-01
1.259232014417648315e-01
1.230360120534896851e-01
1.612885594367980957e-01
1.561892032623291016e-01
1.296653598546981812e-01
1.443535834550857544e-01
1.217378824949264526e-01
1.486199200153350830e-01
1.253854781389236450e-01
1.371040642261505127e-01
1.776270717382431030e-01
1.259467750787734985e-01
1.265926808118820190e-01
1.431587785482406616e-01
1.144764572381973267e-01
1.125779226422309875e-01
1.514092832803726196e-01
1.623121351003646851e-01
1.124429330229759216e-01
1.400788724422454834e-01
1.290080845355987549e-01
1.094619557261466980e-01
1.298893690109252930e-01
1.432095617055892944e-01
1.533697545528411865e-01
1.386832743883132935e-01
1.410452276468276978e-01
9.944977611303329468e-02
1.382535994052886963e-01
1.388476938009262085e-01
1.093605905771255493e-01
1.412402093410491943e-01
1.450261622667312622e-01
1.344503015279769897e-01
1.806610375642776489e-01
1.668737679719924927e-01
1.796848475933074951e-01
1.446477472782135010e-01
1.242610886693000793e-01
1.500427573919296265e-01
1.965813338756561279e-01
1.427855491638183594e-01
1.177901178598403931e-01
1.329216212034225464e-01
1.238906756043434143e-01
1.487144827842712402e-01
1.447026580572128296e-01
1.232936158776283264e-01
1.229727491736412048e-01
1.420675069093704224e-01
1.380369067192077637e-01
1.260729730129241943e-01
1.041463017463684082e-01
1.361776590347290039e-01
1.259053796529769897e-01
1.975980401039123535e-01
1.114340648055076599e-01
1.174513325095176697e-01
9.169628471136093140e-02
1.184500753879547119e-01
1.305107474327087402e-01
1.413011997938156128e-01
1.461232155561447144e-01
1.310509592294692993e-01
1.971738934516906738e-01
1.353466510772705078e-01
1.067542806267738342e-01
1.345508992671966553e-01
1.844364106655120850e-01
1.347394287586212158e-01
1.281001865863800049e-01
1.328723877668380737e-01
1.151005402207374573e-01
1.364782452583312988e-01
1.552659571170806885e-01
1.578093171119689941e-01
1.092493459582328796e-01
1.538265198469161987e-01
1.432920694351196289e-01
1.616287827491760254e-01
1.567234694957733154e-01
1.194108724594116211e-01
1.202063933014869690e-01
1.098102927207946777e-01
1.201799362897872925e-01
1.117340102791786194e-01
1.285409629344940186e-01
1.747150272130966187e-01
1.419093459844589233e-01
1.255272775888442993e-01
1.800907850265502930e-01
1.364251077175140381e-01
1.383154541254043579e-01
1.417749971151351929e-01
1.395271122455596924e-01
1.644080132246017456e-01
1.853902339935302734e-01
1.917179077863693237e-01
1.479387432336807251e-01
1.276440620422363281e-01
1.311697363853454590e-01
1.268229782581329346e-01
1.060231328010559082e-01
1.379080116748809814e-01
1.167743131518363953e-01
1.260281652212142944e-01
1.124180778861045837e-01
1.564670652151107788e-01
1.202419027686119080e-01
2.098829746246337891e-01
1.336111575365066528e-01
1.319668143987655640e-01
1.521355360746383667e-01
1.537820100784301758e-01
1.599799096584320068e-01
1.195569634437561035e-01
1.401779055595397949e-01
1.164285987615585327e-01
1.404946595430374146e-01
1.026652902364730835e-01
1.246019229292869568e-01
1.134138256311416626e-01
1.127516254782676697e-01
1.232839748263359070e-01
1.620076596736907959e-01
1.925656497478485107e-01
1.764267981052398682e-01
1.251480877399444580e-01
1.078171730041503906e-01
1.889045536518096924e-01
1.207101866602897644e-01
1.188032999634742737e-01
1.135196685791015625e-01
1.182260215282440186e-01
1.274859756231307983e-01
1.301723420619964600e-01
1.226284652948379517e-01
1.328997761011123657e-01
2.515845000743865967e-01
1.388852596282958984e-01
1.332678794860839844e-01
1.921369433403015137e-01
1.150321811437606812e-01
1.573967784643173218e-01
1.364183574914932251e-01
1.345073431730270386e-01
1.352647989988327026e-01
1.439457684755325317e-01
1.304952353239059448e-01
1.362687498331069946e-01
2.558490335941314697e-01
1.277205944061279297e-01
1.619867682456970215e-01
1.404338181018829346e-01
1.459939032793045044e-01
1.435674875974655151e-01
2.171261310577392578e-01
1.201373934745788574e-01
1.373164057731628418e-01
1.306161582469940186e-01
1.310820281505584717e-01
1.308197081089019775e-01
1.287018805742263794e-01
1.160882487893104553e-01
2.167875766754150391e-01
1.480359584093093872e-01
1.094848439097404480e-01
1.442193686962127686e-01
1.020646095275878906e-01
1.147070527076721191e-01
1.490400731563568115e-01
1.642658859491348267e-01
1.194422394037246704e-01
1.053075417876243591e-01
1.202916204929351807e-01
1.042014509439468384e-01
1.046465039253234863e-01
1.571884900331497192e-01
1.197184473276138306e-01
1.417025327682495117e-01
1.291022300720214844e-01
1.437583565711975098e-01
1.529566943645477295e-01
1.423822343349456787e-01
1.470072865486145020e-01
1.178017556667327881e-01
1.344794929027557373e-01
1.160535290837287903e-01
1.184345632791519165e-01
1.132757589221000671e-01
1.148693561553955078e-01
1.337554156780242920e-01
1.574163585901260376e-01
1.731707900762557983e-01
1.222152262926101685e-01
1.317407190799713135e-01
1.651216894388198853e-01
1.591541171073913574e-01
1.255107074975967407e-01
1.714379787445068359e-01
1.386230587959289551e-01
1.274458318948745728e-01
1.709972172975540161e-01
1.602171361446380615e-01
1.426644623279571533e-01
1.190875917673110962e-01
1.422983556985855103e-01
1.244061067700386047e-01
1.242451146245002747e-01
1.345499008893966675e-01
1.227639466524124146e-01
1.578301936388015747e-01
1.383537203073501587e-01
1.870252788066864014e-01
1.142109185457229614e-01
1.691928356885910034e-01
1.325114369392395020e-01
1.415695101022720337e-01
1.498985439538955688e-01
1.259406656026840210e-01
1.201666295528411865e-01
1.246170699596405029e-01
1.744381189346313477e-01
1.611332744359970093e-01
1.277407258749008179e-01
1.227903887629508972e-01
1.275649368762969971e-01
1.105314269661903381e-01
1.707892119884490967e-01
1.366599947214126587e-01
1.220422461628913879e-01
1.172357797622680664e-01
1.324160844087600708e-01
1.184400320053100586e-01
2.493297159671783447e-01
1.402522474527359009e-01
1.268541812896728516e-01
1.254462599754333496e-01
1.588692218065261841e-01
1.228258684277534485e-01
1.548115164041519165e-01
1.620494574308395386e-01
1.269598007202148438e-01
1.218896731734275818e-01
1.219275742769241333e-01
1.448630839586257935e-01
1.132828444242477417e-01
1.800203174352645874e-01
1.958941519260406494e-01
1.329884678125381470e-01
1.313809901475906372e-01
1.066724136471748352e-01
1.207030564546585083e-01
1.085726395249366760e-01
1.429500281810760498e-01
1.112831756472587585e-01
1.374901086091995239e-01
1.651809960603713989e-01
1.293007135391235352e-01
1.260707378387451172e-01
1.512965708971023560e-01
1.268618106842041016e-01
1.333569139242172241e-01
1.213446408510208130e-01
1.116659790277481079e-01
1.365741640329360962e-01
1.399486064910888672e-01
1.309667527675628662e-01
1.451974362134933472e-01
1.475517302751541138e-01
1.330285817384719849e-01
1.172957494854927063e-01
1.508440077304840088e-01
1.389389038085937500e-01
1.231103390455245972e-01
1.381378620862960815e-01
1.655993908643722534e-01
1.118514910340309143e-01
1.386414766311645508e-01
1.125929057598114014e-01
1.372639685869216919e-01
1.122035235166549683e-01
1.230497807264328003e-01
9.559907764196395874e-02
1.402413845062255859e-01
1.564706414937973022e-01
1.408078670501708984e-01
1.206332966685295105e-01
1.395971029996871948e-01
1.236112490296363831e-01
1.629516035318374634e-01
1.352907568216323853e-01
1.302569657564163208e-01
2.083750665187835693e-01
1.242160722613334656e-01
1.122090220451354980e-01
1.313679963350296021e-01
1.329959332942962646e-01
1.390194743871688843e-01
1.695186048746109009e-01
1.342249065637588501e-01
1.608572006225585938e-01
1.674554347991943359e-01
1.445137411355972290e-01
1.421814709901809692e-01
1.566179692745208740e-01
1.629292666912078857e-01
1.685330718755722046e-01
1.336981356143951416e-01
1.291426718235015869e-01
1.315123289823532104e-01
1.648324877023696899e-01
1.187042370438575745e-01
1.311880201101303101e-01
1.343555152416229248e-01
1.581964641809463501e-01
1.084675937891006470e-01
1.148346662521362305e-01
1.340786516666412354e-01
1.757444292306900024e-01
1.398130804300308228e-01
1.169244423508644104e-01
1.367666423320770264e-01
1.971713006496429443e-01
1.132337227463722229e-01
1.293276548385620117e-01
1.359160542488098145e-01
1.158794686198234558e-01
1.203529089689254761e-01
1.140770316123962402e-01
1.512141525745391846e-01
1.578288823366165161e-01
1.483244597911834717e-01
1.095713451504707336e-01
1.362918764352798462e-01
1.530268341302871704e-01
1.410135477781295776e-01
1.818384528160095215e-01
1.211726665496826172e-01
1.304016560316085815e-01
1.415199041366577148e-01
1.200974807143211365e-01
1.561037003993988037e-01
1.149075403809547424e-01
1.250428259372711182e-01
1.122894808650016785e-01
1.161061674356460571e-01
1.465912312269210815e-01
1.418534219264984131e-01
1.714050471782684326e-01
