1.479678042232990265e-02
3.797365352511405945e-02
2.428735420107841492e-02
3.328222781419754028e-02
9.573050774633884430e-03
1.217478606849908829e-02
3.240914642810821533e-02
2.388140372931957245e-02
2.143357321619987488e-02
1.245689205825328827e-02
7.617269642651081085e-03
1.453359052538871765e-02
2.595634572207927704e-02
8.145377039909362793e-03
1.610681042075157166e-02
1.640219427645206451e-02
3.219465911388397217e-02
3.420663997530937195e-02
2.114796824753284454e-02
2.144655957818031311e-02
1.317677460610866547e-02
3.448639065027236938e-02
3.575304895639419556e-02
2.337650768458843231e-02
1.763944141566753387e-02
4.831976257264614105e-03
2.832297608256340027e-02
1.931224763393402100e-02
2.740864828228950500e-02
1.761281304061412811e-02
2.217812091112136841e-02
4.227088764309883118e-02
1.639266684651374817e-02
1.559313759207725525e-02
1.840538159012794495e-02
2.181342244148254395e-02
1.724393293261528015e-02
2.265475504100322723e-02
3.463660553097724915e-02
1.702672429382801056e-02
1.876010373234748840e-02
2.632429078221321106e-02
2.815289981663227081e-02
2.766093797981739044e-02
2.323437668383121490e-02
1.089286431670188904e-02
1.942853629589080811e-02
4.771310091018676758e-02
1.460022758692502975e-02
2.070874534547328949e-02
1.419110037386417389e-02
2.787715569138526917e-02
1.178953703492879868e-02
1.816414855420589447e-02
2.101293765008449554e-02
3.322199732065200806e-02
2.219171449542045593e-02
2.382532320916652679e-02
2.332987077534198761e-02
9.719287045300006866e-03
2.010135725140571594e-02
3.594752773642539978e-02
1.074559986591339111e-02
1.980669237673282623e-02
1.440881937742233276e-02
2.575061097741127014e-02
2.063852362334728241e-02
8.092828094959259033e-03
2.489681355655193329e-02
1.636894606053829193e-02
2.438019774854183197e-02
1.550282258540391922e-02
1.568892970681190491e-02
4.939205013215541840e-03
2.404817380011081696e-02
1.273516099900007248e-02
2.308478020131587982e-02
2.669358998537063599e-02
2.214431948959827423e-02
1.927453093230724335e-02
2.196015603840351105e-02
1.982263848185539246e-02
1.599115319550037384e-02
1.271755062043666840e-02
1.649352721869945526e-02
1.176797877997159958e-02
1.690752245485782623e-02
2.466618455946445465e-02
2.220870740711688995e-02
1.735213398933410645e-02
1.669452711939811707e-02
2.005422115325927734e-02
2.433810569345951080e-02
2.766546607017517090e-02
1.787651143968105316e-02
1.748590171337127686e-02
3.793970867991447449e-02
1.546435058116912842e-02
2.067445218563079834e-02
1.223290152847766876e-02
3.343242406845092773e-02
1.501735858619213104e-02
1.368235610425472260e-02
2.880305051803588867e-02
2.805185690522193909e-02
3.136651962995529175e-02
1.316481735557317734e-02
2.602767013013362885e-02
1.162684056907892227e-02
4.781648516654968262e-02
1.917391829192638397e-02
1.134909130632877350e-02
1.853094995021820068e-02
4.454522952437400818e-02
1.987332478165626526e-02
2.875632047653198242e-02
8.903338573873043060e-03
5.252904817461967468e-02
3.013688139617443085e-02
1.742486655712127686e-02
1.318072527647018433e-02
1.358760520815849304e-02
3.196156350895762444e-03
1.651081070303916931e-02
1.053269300609827042e-02
1.772615313529968262e-02
1.570922695100307465e-02
8.341601118445396423e-03
2.819549851119518280e-02
1.347097381949424744e-02
2.774252742528915405e-02
1.243253052234649658e-02
1.396628376096487045e-02
2.041490748524665833e-02
3.094730526208877563e-02
2.938853576779365540e-02
6.835035048425197601e-03
1.795398630201816559e-02
1.297863759100437164e-02
2.224084176123142242e-02
1.785904727876186371e-02
2.992588840425014496e-02
1.821527816355228424e-02
1.193480286747217178e-02
2.387385442852973938e-02
2.403835020959377289e-02
2.400914579629898071e-02
3.730223327875137329e-02
9.383414871990680695e-03
2.643253654241561890e-02
1.190326362848281860e-02
8.585769683122634888e-03
2.951329573988914490e-02
1.834478974342346191e-02
1.296095270663499832e-02
1.656924933195114136e-02
2.627599425613880157e-02
2.533715590834617615e-02
1.565407589077949524e-02
2.150111831724643707e-02
2.219689637422561646e-02
2.324094995856285095e-02
1.957660168409347534e-02
6.768883764743804932e-02
2.460666745901107788e-02
4.768888000398874283e-03
2.483647502958774567e-02
1.670039817690849304e-02
1.942743733525276184e-02
2.310672588646411896e-02
1.713794842362403870e-02
1.820276305079460144e-02
1.889378577470779419e-02
2.496462315320968628e-02
2.189621515572071075e-02
2.546332776546478271e-02
3.607097268104553223e-02
1.594258472323417664e-02
1.871663145720958710e-02
6.850055418908596039e-03
4.102908447384834290e-02
2.336188219487667084e-02
1.980800181627273560e-02
1.285914424806833267e-02
3.259841725230216980e-02
3.083209693431854248e-02
2.495425194501876831e-02
1.227737311273813248e-02
1.708547770977020264e-02
1.543971151113510132e-02
2.344562299549579620e-02
2.908745035529136658e-02
5.926426127552986145e-02
2.496254444122314453e-02
1.280426513403654099e-02
2.035600505769252777e-02
2.208802290260791779e-02
3.231726214289665222e-02
4.011612758040428162e-02
9.682375006377696991e-03
1.024597417563199997e-02
2.269845083355903625e-02
3.108638338744640350e-02
1.732880994677543640e-02
2.777288481593132019e-02
2.256348356604576111e-02
1.249920390546321869e-02
2.807908877730369568e-02
2.111969701945781708e-02
2.315352670848369598e-02
1.716016046702861786e-02
1.103811338543891907e-02
1.053469255566596985e-02
1.892318576574325562e-02
1.300876121968030930e-02
1.415568683296442032e-02
2.767798304557800293e-02
2.411719597876071930e-02
2.130194567143917084e-02
1.471449341624975204e-02
3.620689734816551208e-02
2.854298241436481476e-02
1.674277707934379578e-02
1.891620829701423645e-02
2.688482590019702911e-02
1.004345249384641647e-02
1.207548659294843674e-02
1.413387805223464966e-02
3.378937765955924988e-02
2.069919742643833160e-02
1.010051276534795761e-02
1.890216954052448273e-02
1.557178609073162079e-02
4.919171333312988281e-02
1.613368466496467590e-02
2.875140681862831116e-02
9.142077527940273285e-03
4.263456910848617554e-02
2.658778242766857147e-02
4.664809908717870712e-03
9.971833787858486176e-03
5.729114636778831482e-03
4.913938045501708984e-02
2.424983121454715729e-02
1.631926558911800385e-02
1.427583489567041397e-02
1.417873334139585495e-02
2.450739964842796326e-02
1.212180405855178833e-02
2.000299841165542603e-02
2.415274642407894135e-02
2.794007584452629089e-02
2.588372863829135895e-02
2.083468437194824219e-02
1.292727515101432800e-02
2.418202534317970276e-02
3.413967415690422058e-02
2.166663482785224915e-02
7.899425923824310303e-03
2.985785342752933502e-02
1.340385898947715759e-02
2.188821136951446533e-02
5.248367320746183395e-03
2.441431954503059387e-02
3.321705386042594910e-02
1.742384396493434906e-02
1.758777536451816559e-02
2.287591062486171722e-02
2.577660605311393738e-02
3.621675446629524231e-02
1.159044262021780014e-02
1.566504314541816711e-02
1.688592322170734406e-02
2.427447959780693054e-02
3.339783102273941040e-02
1.661751233041286469e-02
1.912207901477813721e-02
1.781261898577213287e-02
1.558853406459093094e-02
1.773212105035781860e-02
1.790397241711616516e-02
1.916782557964324951e-02
1.668282598257064819e-02
3.367824479937553406e-02
4.529200959950685501e-03
1.588586159050464630e-02
1.817297935485839844e-02
2.274397946894168854e-02
7.121065165847539902e-03
1.248845830559730530e-02
2.340799197554588318e-02
3.102758154273033142e-02
2.716448716819286346e-02
1.551327388733625412e-02
1.771671511232852936e-02
1.664340868592262268e-02
2.992199920117855072e-02
2.255440875887870789e-02
1.737776212394237518e-02
1.413486711680889130e-02
4.623119533061981201e-02
2.376727201044559479e-02
1.314198039472103119e-02
2.472904324531555176e-02
2.306565083563327789e-02
2.376538142561912537e-02
3.309980267658829689e-03
2.057923376560211182e-02
1.245527900755405426e-02
1.694591157138347626e-02
2.935053035616874695e-02
1.924647763371467590e-02
2.410667389631271362e-02
2.739439159631729126e-02
1.176195312291383743e-02
1.140107214450836182e-02
1.794371008872985840e-02
2.309023030102252960e-02
2.798734046518802643e-02
4.324100445955991745e-03
1.280249841511249542e-02
1.042236853390932083e-02
2.714817970991134644e-02
3.054605983197689056e-02
1.491382624953985214e-02
2.271899394690990448e-02
7.397200912237167358e-03
1.694239489734172821e-02
1.085699908435344696e-02
1.484376937150955200e-02
1.626508496701717377e-02
2.834527753293514252e-02
1.986752636730670929e-02
1.538133248686790466e-02
1.669547520577907562e-02
2.169735543429851532e-02
9.911283850669860840e-03
1.801835931837558746e-02
1.600161008536815643e-02
1.094869151711463928e-02
5.767434835433959961e-03
5.036083981394767761e-03
2.631896920502185822e-02
3.071575798094272614e-02
9.113083593547344208e-03
1.056292001157999039e-02
1.639796979725360870e-02
3.048993833363056183e-02
1.360923051834106445e-02
6.690484471619129181e-03
1.906735822558403015e-02
1.728906482458114624e-02
2.599386684596538544e-02
1.558018289506435394e-02
2.148948051035404205e-02
2.673983387649059296e-02
2.594439499080181122e-02
2.308584004640579224e-02
3.044823184609413147e-02
1.790091395378112793e-02
1.630731858313083649e-02
1.886947080492973328e-02
8.178941905498504639e-03
1.259377039968967438e-02
2.867288142442703247e-02
2.737938053905963898e-02
1.291430834680795670e-02
4.225673899054527283e-02
4.429025575518608093e-02
4.724597558379173279e-03
1.709771901369094849e-02
1.050940342247486115e-02
3.483536094427108765e-02
1.023208070546388626e-02
1.088019646704196930e-02
9.897049516439437866e-03
2.426778525114059448e-02
3.136317431926727295e-02
2.843318507075309753e-02
2.392306551337242126e-02
1.852338574826717377e-02
2.223908342421054840e-02
2.795833535492420197e-02
2.127078361809253693e-02
1.823680661618709564e-02
1.666407287120819092e-02
2.801905758678913116e-02
2.132350020110607147e-02
2.854963205754756927e-02
1.706707291305065155e-02
1.859699189662933350e-02
1.526674907654523849e-02
1.904316991567611694e-02
1.021703425794839859e-02
2.756273001432418823e-02
2.879225090146064758e-02
2.004481665790081024e-02
1.899066939949989319e-02
1.133451424539089203e-02
2.200766839087009430e-02
2.189601585268974304e-02
1.988148689270019531e-02
1.283723209053277969e-02
2.206520177423954010e-02
4.327951744198799133e-02
1.843409240245819092e-02
1.987929455935955048e-02
1.211883779615163803e-02
1.900696009397506714e-02
9.195211343467235565e-03
2.253274619579315186e-02
9.537900798022747040e-03
2.991372346878051758e-02
1.177891716361045837e-02
1.041748467832803726e-02
2.513564936816692352e-02
2.404518239200115204e-02
1.446995325386524200e-02
2.058519609272480011e-02
2.025971747934818268e-02
1.321241818368434906e-02
1.787433214485645294e-02
1.684137620031833649e-02
1.855684071779251099e-02
7.608223706483840942e-03
2.687869034707546234e-02
1.627673208713531494e-02
1.373808365315198898e-02
5.449708085507154465e-03
1.281949039548635483e-02
3.617716208100318909e-02
8.541559800505638123e-03
3.035313636064529419e-02
1.126012578606605530e-02
3.820286691188812256e-02
1.992214657366275787e-02
1.669624261558055878e-02
2.095463126897811890e-02
1.616349071264266968e-02
9.181517176330089569e-03
1.064494717866182327e-02
1.633821986615657806e-02
2.191959694027900696e-02
2.226695604622364044e-02
1.489319838583469391e-02
2.318377792835235596e-02
1.437839120626449585e-02
1.371346414089202881e-02
1.835973560810089111e-02
2.098395302891731262e-02
2.461934648454189301e-02
2.372627332806587219e-02
2.227958291769027710e-02
1.813977770507335663e-02
2.031886763870716095e-02
3.983012400567531586e-03
1.948002167046070099e-02
2.728428691625595093e-02
2.842546626925468445e-02
2.330517396330833435e-02
2.835857868194580078e-02
6.876644678413867950e-03
1.210207119584083557e-02
1.168281864374876022e-02
3.871288523077964783e-02
1.649403013288974762e-02
2.091089822351932526e-02
1.937939226627349854e-02
1.440870389342308044e-02
1.566915772855281830e-02
9.921620599925518036e-03
3.064611367881298065e-02
1.463548187166452408e-02
1.443234272301197052e-02
4.078298807144165039e-02
1.792052015662193298e-02
1.856489665806293488e-02
1.405920274555683136e-02
2.036432176828384399e-02
2.434737607836723328e-02
2.127109840512275696e-02
1.696886494755744934e-02
1.663668453693389893e-02
1.199012435972690582e-02
3.106321953237056732e-02
5.981943104416131973e-03
2.717572264373302460e-02
2.519167214632034302e-02
2.500447258353233337e-02
1.016276143491268158e-02
2.346091903746128082e-02
2.922324836254119873e-02
1.075626723468303680e-02
1.791350357234477997e-02
9.306344203650951385e-03
2.553059346973896027e-02
1.604214496910572052e-02
1.255789585411548615e-02
1.873042061924934387e-02
1.372514478862285614e-02
3.077381104230880737e-02
1.187015417963266373e-02
3.762772679328918457e-02
1.758384145796298981e-02
1.725360006093978882e-02
2.600161172449588776e-02
1.834496296942234039e-02
1.861782558262348175e-02
1.372617110610008240e-02
3.443547338247299194e-02
1.438516750931739807e-02
1.115448493510484695e-02
