-1.022860631346702576e-01
-1.302490383386611938e-01
1.688647083938121796e-02
5.392727255821228027e-02
5.307017639279365540e-02
-6.500713527202606201e-02
-1.680915504693984985e-01
-9.620604664087295532e-02
6.012792885303497314e-02
-8.975648880004882812e-02
-7.597057521343231201e-02
-1.198066212236881256e-02
4.801421239972114563e-02
-8.667188882827758789e-02
-4.146319255232810974e-02
-8.869797736406326294e-02
-3.782705590128898621e-02
-2.375574409961700439e-01
-9.651835262775421143e-02
-4.341660439968109131e-02
3.030464611947536469e-02
-2.380736917257308960e-01
-6.524236407130956650e-03
-7.001867890357971191e-02
6.061676517128944397e-02
2.574616856873035431e-02
-1.690695434808731079e-01
-1.206550002098083496e-01
-1.550178676843643188e-01
-9.269602596759796143e-02
-1.185143599286675453e-03
-9.620210528373718262e-02
-9.217143803834915161e-02
-1.789463162422180176e-01
1.455892249941825867e-02
-4.980265721678733826e-02
2.761749178171157837e-02
-1.692299842834472656e-01
2.590298466384410858e-02
3.774671629071235657e-02
-2.922927215695381165e-02
1.403715554624795914e-02
-6.378293782472610474e-02
-8.313111215829849243e-02
1.049080714583396912e-01
-5.539934709668159485e-02
-5.507359653711318970e-02
1.331891417503356934e-01
7.747436314821243286e-02
-1.860807538032531738e-01
-8.115484565496444702e-02
-2.082983702421188354e-01
-2.439687028527259827e-02
-2.969104796648025513e-02
-5.932226404547691345e-02
1.242873147130012512e-01
-4.747636243700981140e-02
-1.440396765246987343e-03
-6.885663606226444244e-03
-1.001959145069122314e-01
-1.040210500359535217e-01
-8.367589116096496582e-02
8.823432144708931446e-04
2.587033994495868683e-02
-4.899853467941284180e-02
-6.309369951486587524e-02
1.933945156633853912e-02
-3.754232451319694519e-02
-4.865207150578498840e-02
-8.032034337520599365e-02
-1.123425886034965515e-01
-1.538308858871459961e-01
-1.030564010143280029e-01
-8.575689792633056641e-02
-7.062462717294692993e-02
-7.247558981180191040e-02
-9.026215225458145142e-02
7.539216428995132446e-03
-8.502160757780075073e-02
-2.870655618607997894e-02
8.109785849228501320e-04
2.494062110781669617e-02
-1.067550405859947205e-01
-1.237094551324844360e-01
-1.270550042390823364e-01
9.303964674472808838e-02
-2.953910455107688904e-02
-8.463552594184875488e-02
-5.615704879164695740e-02
-1.210081428289413452e-01
1.029532123357057571e-02
-1.117671430110931396e-01
-4.074767976999282837e-02
-1.097318530082702637e-02
-5.118430405855178833e-02
-1.326397955417633057e-01
4.540677368640899658e-02
-1.071926206350326538e-01
-1.018298715353012085e-01
-1.698689907789230347e-01
-3.381982818245887756e-02
-9.502230584621429443e-02
-1.896780580282211304e-01
6.231548264622688293e-02
-2.101975493133068085e-02
9.318108856678009033e-02
-9.858985245227813721e-02
8.231314271688461304e-02
-9.110943973064422607e-02
7.111978530883789062e-02
-1.106099039316177368e-01
1.756143942475318909e-02
-1.636157557368278503e-02
-2.471801191568374634e-01
-1.185080781579017639e-01
-4.774801805615425110e-02
-6.511670351028442383e-02
1.771393418312072754e-01
1.497116219252347946e-02
-4.493269324302673340e-02
-1.536477506160736084e-01
8.564801514148712158e-02
2.140555530786514282e-02
-7.749609649181365967e-02
-1.150432974100112915e-02
-1.890451088547706604e-02
5.310518667101860046e-02
-8.585721254348754883e-02
-3.803933039307594299e-02
7.216894626617431641e-02
-2.785843051970005035e-02
2.438958548009395599e-02
-6.795257329940795898e-02
-4.338176175951957703e-02
-3.437719121575355530e-02
-1.618435978889465332e-01
-2.216644957661628723e-02
-4.920070990920066833e-02
4.317984357476234436e-02
-1.546181142330169678e-01
-1.090308427810668945e-01
-1.352440416812896729e-01
-1.276260465383529663e-01
4.354560375213623047e-02
1.769465766847133636e-02
-6.563775241374969482e-02
-6.110748648643493652e-02
2.024614065885543823e-01
-1.397169940173625946e-02
-1.245788261294364929e-01
8.559250272810459137e-03
-1.822826638817787170e-02
3.117629885673522949e-02
-1.482203304767608643e-01
-1.866471320390701294e-01
-5.104072857648134232e-03
-8.157285302877426147e-02
-1.819478273391723633e-01
-9.772484004497528076e-02
-3.776674345135688782e-02
1.806439540814608335e-04
-3.866274654865264893e-02
-6.352185457944869995e-02
1.460743099451065063e-01
-1.282035559415817261e-01
-7.430003583431243896e-02
3.098499216139316559e-02
-1.228401139378547668e-01
-4.252895340323448181e-02
2.541489526629447937e-02
-9.234015643596649170e-02
4.908715491183102131e-04
-1.661258190870285034e-02
-1.356616318225860596e-01
-6.252774596214294434e-02
6.008753553032875061e-03
3.742251917719841003e-02
-7.983701070770621300e-04
-1.330802291631698608e-01
-4.138575494289398193e-02
-2.023400366306304932e-01
-1.624730974435806274e-02
-1.962484270334243774e-01
-7.252471148967742920e-02
2.079011686146259308e-02
-5.845547094941139221e-02
-1.134741678833961487e-01
-1.360871642827987671e-01
-1.067079603672027588e-01
-1.719153374433517456e-01
1.448857039213180542e-02
-3.900836780667304993e-02
4.263179004192352295e-02
-1.198710799217224121e-01
8.111920207738876343e-02
-9.911430627107620239e-02
-1.779358834028244019e-01
-8.446282148361206055e-02
1.021570060402154922e-03
-8.250709623098373413e-03
7.776912767440080643e-03
-9.856953471899032593e-02
-9.406927973031997681e-02
6.962322443723678589e-02
-1.100154891610145569e-01
-1.145893558859825134e-01
1.781447231769561768e-02
-1.711080968379974365e-01
-1.444294210523366928e-02
-2.820807881653308868e-02
4.874123632907867432e-02
-5.126453936100006104e-02
-9.629133343696594238e-02
3.862572461366653442e-02
-1.036712080240249634e-01
1.282934378832578659e-02
-4.901641979813575745e-02
-2.918918617069721222e-02
-5.531508103013038635e-02
-1.401973217725753784e-01
2.233777428045868874e-03
-7.913520187139511108e-02
-1.743608526885509491e-02
1.084222365170717239e-02
-6.638902239501476288e-03
2.500989101827144623e-02
2.807348733767867088e-03
-1.499085780233144760e-02
-1.172172501683235168e-01
3.350945934653282166e-02
3.361153183504939079e-03
-1.004647985100746155e-01
-1.734868884086608887e-01
-1.138406321406364441e-01
-8.039610832929611206e-02
-3.285889700055122375e-02
-2.863487787544727325e-02
-2.133379727602005005e-01
-1.513459160923957825e-02
-8.758448809385299683e-02
1.455884613096714020e-02
-2.768919803202152252e-02
-1.421493142843246460e-01
2.724454551935195923e-02
3.496771678328514099e-02
-1.483429074287414551e-01
-1.305712610483169556e-01
-5.959314852952957153e-02
-1.365360617637634277e-01
-1.003146320581436157e-01
-8.330902084708213806e-03
-9.057655185461044312e-02
-1.012073233723640442e-01
-1.425992697477340698e-01
4.318991303443908691e-02
-7.846309244632720947e-02
-4.614135622978210449e-02
1.566935330629348755e-02
1.496184244751930237e-02
-1.289830952882766724e-01
6.853234767913818359e-02
-1.477799117565155029e-01
-1.258796453475952148e-01
-5.731533840298652649e-02
9.985437244176864624e-02
-2.337744273245334625e-02
-1.340266168117523193e-01
1.732126437127590179e-02
1.672959774732589722e-01
6.925373524427413940e-02
6.963011343032121658e-03
2.026045322418212891e-02
-5.078552663326263428e-02
-1.397079676389694214e-01
-1.291995644569396973e-01
-3.309169039130210876e-02
8.835384622216224670e-03
1.208343505859375000e-01
-1.808023601770401001e-01
-1.488067768514156342e-02
-1.302466690540313721e-01
3.228168562054634094e-02
-9.863238036632537842e-02
-6.203395873308181763e-02
7.814656198024749756e-02
8.088861405849456787e-02
-9.180679917335510254e-02
-4.500424861907958984e-02
-1.246040388941764832e-01
-4.847155511379241943e-02
-7.558000087738037109e-02
6.919533014297485352e-02
-3.824346512556076050e-02
-6.286586634814739227e-03
-4.768932238221168518e-02
-6.028270348906517029e-02
-4.845297336578369141e-02
-3.549918904900550842e-02
-1.024925038218498230e-01
-6.337345391511917114e-02
1.514720171689987183e-01
-1.320434510707855225e-01
-7.142577320337295532e-02
4.020202532410621643e-02
-3.415394946932792664e-02
-8.526297286152839661e-03
1.868091756477952003e-03
-2.931562252342700958e-02
-1.522608846426010132e-01
-3.368619084358215332e-02
-4.822526499629020691e-02
-9.756919741630554199e-02
-4.043139889836311340e-02
-9.185311943292617798e-02
-2.745471429079771042e-04
2.215856127440929413e-02
-5.523867905139923096e-02
-6.858820468187332153e-02
3.194793313741683960e-02
1.501929312944412231e-01
-1.173701062798500061e-01
-1.299269944429397583e-01
1.827562414109706879e-02
-1.507717836648225784e-02
-1.463645100593566895e-01
-8.416718244552612305e-02
-3.001044690608978271e-02
-7.343186438083648682e-02
-5.385392904281616211e-02
-1.280829161405563354e-01
4.075914621353149414e-02
-8.965187519788742065e-02
-1.407814174890518188e-01
5.721544474363327026e-02
2.804322168231010437e-02
-9.148884564638137817e-03
-1.037621498107910156e-01
-2.429328486323356628e-02
-8.468515425920486450e-02
-2.241051197052001953e-02
-2.665055450052022934e-03
-1.153652667999267578e-01
-4.659686237573623657e-02
3.050300478935241699e-02
-1.059979647397994995e-01
-9.156661108136177063e-03
-7.479043304920196533e-02
4.163758130744099617e-04
-8.879974484443664551e-02
-1.423140168190002441e-01
-3.968650847673416138e-02
-1.642662584781646729e-01
-4.506782069802284241e-02
3.312138468027114868e-02
7.946911500766873360e-04
-1.542202234268188477e-01
9.986693412065505981e-02
-4.623253829777240753e-03
-5.705261602997779846e-02
-8.428427577018737793e-02
5.495746433734893799e-02
-1.813529133796691895e-01
-1.386779099702835083e-01
-3.347994759678840637e-02
4.718013852834701538e-02
-3.246988356113433838e-02
-3.393826074898242950e-03
-2.103339694440364838e-02
3.925821557641029358e-02
9.294880554080009460e-03
-1.876813545823097229e-02
-9.733727574348449707e-02
5.186368823051452637e-01
1.813770644366741180e-02
-4.045283049345016479e-02
-5.785108730196952820e-02
-1.434299349784851074e-02
-2.679623290896415710e-02
-4.224620014429092407e-02
4.108027089387178421e-03
-7.775309681892395020e-02
-4.864110797643661499e-02
3.588971868157386780e-02
-1.563067734241485596e-01
-8.257540315389633179e-02
-1.485495865345001221e-01
-9.872966259717941284e-02
-2.837631618604063988e-03
-2.428952418267726898e-02
-6.553835421800613403e-02
7.585558574646711349e-03
-1.397448778152465820e-01
-1.042172163724899292e-01
-8.234744518995285034e-02
-5.521677061915397644e-02
7.889471016824245453e-03
-4.702363908290863037e-02
6.597329676151275635e-02
-1.062899455428123474e-01
-5.718686059117317200e-02
-5.521406233310699463e-02
-8.011302351951599121e-02
-8.924616128206253052e-02
2.820200473070144653e-02
1.232642158865928650e-01
-2.059447020292282104e-01
-2.033811993896961212e-02
-2.408930286765098572e-02
8.283589780330657959e-02
4.376356489956378937e-03
-3.118857555091381073e-02
-1.715352833271026611e-01
4.638790711760520935e-02
-7.144217193126678467e-02
3.206830471754074097e-02
-9.668486565351486206e-02
-6.691907346248626709e-02
-3.441523760557174683e-02
-7.699220627546310425e-02
5.634429305791854858e-02
-1.468387991189956665e-01
-6.955308467149734497e-02
-7.230993825942277908e-03
-2.497914806008338928e-02
-4.323670640587806702e-02
-6.253998726606369019e-02
-2.472294028848409653e-03
8.895013481378555298e-03
-8.221022784709930420e-02
-1.244395002722740173e-01
7.083838433027267456e-02
1.601574942469596863e-02
-1.347642689943313599e-01
-6.267372518777847290e-02
-1.053915470838546753e-01
1.421060711145401001e-01
-8.647832088172435760e-03
-7.671573758125305176e-02
-1.251009404659271240e-01
-5.473070219159126282e-02
-1.313044428825378418e-01
-2.304182387888431549e-02
1.546931173652410507e-02
-4.893452301621437073e-02
-1.272793044336140156e-03
4.502415657043457031e-02
3.320128843188285828e-02
-4.673958942294120789e-02
-1.054592877626419067e-01
4.853361845016479492e-02
-1.123426854610443115e-01
-7.734883576631546021e-02
6.613831501454114914e-03
-3.783763200044631958e-02
-1.747567951679229736e-02
-3.153181448578834534e-02
4.549795761704444885e-02
-1.782863438129425049e-01
-3.090621903538703918e-02
-8.705629408359527588e-02
-7.323543727397918701e-02
-3.344769403338432312e-02
-2.101494930684566498e-02
8.690492063760757446e-02
-5.669532343745231628e-02
4.735134169459342957e-02
-1.975821256637573242e-01
-9.119096398353576660e-02
-1.233997121453285217e-01
-5.747556686401367188e-02
-6.488732993602752686e-02
-9.237793087959289551e-02
-1.143033057451248169e-02
-7.570167630910873413e-02
-1.116046160459518433e-01
-2.905851230025291443e-02
-4.938455298542976379e-02
-3.202657774090766907e-02
-1.919261068105697632e-01
-6.408970057964324951e-02
-2.260759659111499786e-02
-1.686794608831405640e-01
5.069214385002851486e-03
-1.272348165512084961e-01
9.218629449605941772e-02
-8.609674125909805298e-02
-6.036247685551643372e-02
-1.110186502337455750e-01
-9.742259280756115913e-04
-2.689293026924133301e-02
-1.264928877353668213e-01
8.055180311203002930e-02
-8.856674283742904663e-02
1.658972469158470631e-03
-1.847230643033981323e-02
-1.323850173503160477e-02
-8.986312150955200195e-02
-1.025856956839561462e-01
-9.239330142736434937e-02
-5.986789241433143616e-02
-2.401231415569782257e-02
-5.873224698007106781e-03
8.079626411199569702e-02
-4.034947976469993591e-02
-1.128775030374526978e-01
8.743773400783538818e-02
-8.287863805890083313e-03
-1.940654069185256958e-01
-1.473391503095626831e-01
-3.433262929320335388e-02
-1.900764554738998413e-02
-6.106022279709577560e-03
