-1.758758425712585449e-01
-2.156474441289901733e-01
-2.046948224306106567e-01
-1.694949120283126831e-01
-1.628270000219345093e-01
-1.473379731178283691e-01
-2.157630324363708496e-01
-2.904743254184722900e-01
-1.111542731523513794e-01
-2.196324616670608521e-01
-1.020102351903915405e-01
-1.548521518707275391e-01
-1.989168226718902588e-01
-4.453312605619430542e-02
-1.508291065692901611e-01
-1.919824331998825073e-01
-2.114219069480895996e-01
-1.654685884714126587e-01
-1.853850185871124268e-01
-1.732547283172607422e-01
-1.288501918315887451e-01
-2.375932037830352783e-01
-1.964589059352874756e-01
-1.965119838714599609e-01
-1.776028573513031006e-01
-1.773780286312103271e-01
-1.759812831878662109e-01
-1.545519977807998657e-01
-1.648120284080505371e-01
-2.599433064460754395e-01
-1.751833558082580566e-01
-2.497970461845397949e-01
-1.740850806236267090e-01
-2.409693002700805664e-01
-2.498380988836288452e-01
-2.938216328620910645e-01
-1.496222615242004395e-01
-1.578212380409240723e-01
-1.800065636634826660e-01
-1.850975751876831055e-01
-1.516208052635192871e-01
-1.344932019710540771e-01
-2.745755314826965332e-01
-1.248163804411888123e-01
-2.245510071516036987e-01
-2.530687451362609863e-01
-2.398214340209960938e-01
-1.858701407909393311e-01
-1.739062368869781494e-01
-2.393219321966171265e-01
-1.214148849248886108e-01
-1.803448200225830078e-01
-2.729227840900421143e-01
-2.617375254631042480e-01
-1.855359524488449097e-01
-2.315901070833206177e-01
-2.333259284496307373e-01
-1.860081404447555542e-01
-2.097175270318984985e-01
-6.915624439716339111e-02
-1.912298053503036499e-01
-2.077914178371429443e-01
-1.083943471312522888e-01
-2.809889316558837891e-01
-1.302900016307830811e-01
-1.653875112533569336e-01
-2.118650376796722412e-01
-3.641099631786346436e-01
-2.951100468635559082e-01
-2.384124696254730225e-01
-1.631553471088409424e-01
-1.892295777797698975e-01
-1.791950017213821411e-01
-2.031131982803344727e-01
-1.769964396953582764e-01
-2.738149166107177734e-01
-3.324104249477386475e-01
-1.725041568279266357e-01
-1.792560517787933350e-01
-2.638442218303680420e-01
-2.206754386425018311e-01
-1.609095633029937744e-01
-1.534182280302047729e-01
-1.413815915584564209e-01
-2.992100119590759277e-01
-1.449625343084335327e-01
-1.838274002075195312e-01
-1.778875589370727539e-01
-1.422137022018432617e-01
-2.198379784822463989e-01
-1.900254487991333008e-01
-1.580250710248947144e-01
-1.666493713855743408e-01
-2.489801347255706787e-01
-1.569134742021560669e-01
-1.718475520610809326e-01
-1.660003364086151123e-01
-1.971521675586700439e-01
-2.286739349365234375e-01
-2.366285175085067749e-01
-2.229674011468887329e-01
-1.542674750089645386e-01
-2.030347287654876709e-01
-1.431484669446945190e-01
-1.362561136484146118e-01
-2.014877796173095703e-01
-1.804181635379791260e-01
-2.092721909284591675e-01
-2.964427471160888672e-01
-1.984362602233886719e-01
-2.682569622993469238e-01
-2.215542942285537720e-01
-2.146953344345092773e-01
-3.403789103031158447e-01
-2.668341696262359619e-01
-1.890384405851364136e-01
-1.732515543699264526e-01
-2.225533574819564819e-01
-1.772274821996688843e-01
-1.697952300310134888e-01
-1.095471382141113281e-01
-2.180400192737579346e-01
-1.154497787356376648e-01
-1.653755456209182739e-01
-1.909627616405487061e-01
-3.535368144512176514e-01
-3.111766278743743896e-01
-2.161319106817245483e-01
-1.495936512947082520e-01
-1.666910499334335327e-01
-2.848626971244812012e-01
-2.206851691007614136e-01
-1.528868973255157471e-01
-1.807189285755157471e-01
-2.117529362440109253e-01
-1.868573725223541260e-01
-1.375615894794464111e-01
-1.770344525575637817e-01
-1.860863417387008667e-01
-1.969059407711029053e-01
-1.740737259387969971e-01
-3.010538220405578613e-01
-7.871980220079421997e-02
-2.017344683408737183e-01
-1.946749836206436157e-01
-2.246613353490829468e-01
-2.458788007497787476e-01
-1.057682558894157410e-01
-1.400725990533828735e-01
-1.212869212031364441e-01
-1.198680773377418518e-01
-1.759557723999023438e-01
-2.156419754028320312e-01
-3.307295739650726318e-01
-3.515065610408782959e-01
-2.366015762090682983e-01
-1.184745803475379944e-01
-2.154560089111328125e-01
-1.750914603471755981e-01
-1.892471015453338623e-01
-3.365012705326080322e-01
-1.597563326358795166e-01
-2.554462254047393799e-01
6.441634148359298706e-02
-2.856127917766571045e-01
-1.197947189211845398e-01
-1.583246439695358276e-01
-2.296963334083557129e-01
-3.351745307445526123e-01
-1.986833810806274414e-01
-2.686265707015991211e-01
-1.631588190793991089e-01
-2.461410164833068848e-01
-2.900421917438507080e-01
-2.428328692913055420e-01
-1.449075788259506226e-01
-1.900234669446945190e-01
-2.149387896060943604e-01
-1.541247367858886719e-01
-2.917250692844390869e-01
-2.503786683082580566e-01
-2.212772369384765625e-01
-4.626452922821044922e-02
-1.547413319349288940e-01
-1.510543376207351685e-01
-1.526699215173721313e-01
-1.734869778156280518e-01
-1.931428313255310059e-01
-1.986641287803649902e-01
-2.238774001598358154e-01
-2.085567712783813477e-01
-2.688083648681640625e-01
-1.845034658908843994e-01
-1.797228008508682251e-01
-1.832759976387023926e-01
-3.880393207073211670e-01
-1.539099514484405518e-01
-1.552619636058807373e-01
-1.567215472459793091e-01
-2.237571775913238525e-01
-1.511108875274658203e-01
-2.539517581462860107e-01
-2.849092781543731689e-01
-1.825601309537887573e-01
-2.686908841133117676e-01
-2.327888607978820801e-01
-2.107966989278793335e-01
-2.409830838441848755e-01
-1.021939069032669067e-01
-1.506583839654922485e-01
-1.978395730257034302e-01
-1.733756959438323975e-01
-2.282186299562454224e-01
-9.849192947149276733e-02
-1.846931874752044678e-01
-1.769735813140869141e-01
-1.575572937726974487e-01
-1.937289983034133911e-01
-1.642832458019256592e-01
-2.822015583515167236e-01
-1.865571290254592896e-01
-2.753589451313018799e-01
-2.266435772180557251e-01
-2.168564498424530029e-01
-1.352282315492630005e-01
-2.193643450736999512e-01
-1.059882491827011108e-01
-2.138854116201400757e-01
-1.321690976619720459e-01
-1.889469623565673828e-01
-2.130276858806610107e-01
-1.912506818771362305e-01
-2.364019006490707397e-01
-1.402318775653839111e-01
-2.228435426950454712e-01
-2.354216575622558594e-01
-1.631979644298553467e-01
-1.904520988464355469e-01
-1.428228914737701416e-01
-1.177459210157394409e-01
-2.418848574161529541e-01
-2.733424603939056396e-01
-2.963153123855590820e-01
-1.599939316511154175e-01
-3.558253943920135498e-01
-3.672687411308288574e-01
-2.200572639703750610e-01
-1.505260169506072998e-01
-2.084200978279113770e-01
-8.698163926601409912e-02
-2.051524817943572998e-01
-2.069519162178039551e-01
-1.986061185598373413e-01
-2.299429476261138916e-01
-7.451474666595458984e-02
-1.764959096908569336e-01
-1.411528140306472778e-01
-2.180212438106536865e-01
-1.449802666902542114e-01
-1.426443010568618774e-01
-1.452437043190002441e-01
-2.915829718112945557e-01
-8.709850162267684937e-02
-1.358553469181060791e-01
-2.002959847450256348e-01
-1.124897226691246033e-01
-2.588002383708953857e-01
-1.987559050321578979e-01
-2.028069645166397095e-01
-2.443405091762542725e-01
-8.636973053216934204e-02
-3.415146470069885254e-01
-2.579301893711090088e-01
-2.342853844165802002e-01
-3.552150428295135498e-01
-1.858887821435928345e-01
-1.152758151292800903e-01
-1.731718331575393677e-01
-1.779912263154983521e-01
-1.909231394529342651e-01
-2.018018662929534912e-01
-1.886400133371353149e-01
-2.750753164291381836e-01
-1.500793397426605225e-01
1.165268048644065857e-01
-1.890725642442703247e-01
-1.844781935214996338e-01
-2.036735415458679199e-01
-3.393596038222312927e-02
-3.463519513607025146e-01
-1.956397742033004761e-01
-1.962029635906219482e-01
-1.536521613597869873e-01
-1.902485638856887817e-01
-1.430645287036895752e-01
-3.022039830684661865e-01
-1.779530197381973267e-01
-1.970521062612533569e-01
-2.118159532546997070e-01
-9.524726867675781250e-02
-1.711437851190567017e-01
-2.408545911312103271e-01
-2.184294313192367554e-01
-2.114219218492507935e-01
-2.042029500007629395e-01
-5.663189291954040527e-02
-6.997190415859222412e-02
-2.081107795238494873e-01
-1.872007250785827637e-01
-2.079230248928070068e-01
-1.539528816938400269e-01
-2.265690267086029053e-01
-1.980865448713302612e-01
-1.678536236286163330e-01
-2.021995633840560913e-01
-2.010382413864135742e-01
-1.051437556743621826e-01
-1.704813688993453979e-01
-2.139242738485336304e-01
3.959605842828750610e-02
-1.076833829283714294e-01
-2.744934558868408203e-01
-2.690407335758209229e-01
-2.602678239345550537e-01
-2.819339036941528320e-01
-1.917345225811004639e-01
-1.940463483333587646e-01
-2.943649291992187500e-01
-1.822354197502136230e-01
-2.902731299400329590e-01
-1.064155399799346924e-01
-2.075725793838500977e-01
-2.647528350353240967e-01
-3.031975924968719482e-01
-2.877981364727020264e-01
-1.578698456287384033e-01
-7.105651311576366425e-03
-2.141864001750946045e-01
-2.021925151348114014e-01
-1.516097635030746460e-01
-1.123435497283935547e-01
2.455007471144199371e-02
-9.778308868408203125e-02
-1.382254511117935181e-01
-1.799577474594116211e-01
-3.213981688022613525e-01
-2.178918570280075073e-01
-1.368586570024490356e-01
-7.996839284896850586e-02
1.165146008133888245e-02
-1.838504970073699951e-01
-1.925755441188812256e-01
-1.613972783088684082e-01
-2.768634855747222900e-01
-1.909254193305969238e-01
-2.101083248853683472e-01
-2.305159568786621094e-01
-2.054802924394607544e-01
-2.016847878694534302e-01
-2.741453945636749268e-01
-1.005192771553993225e-01
-3.151712119579315186e-01
-1.120553016662597656e-01
-1.700473427772521973e-01
-1.364265084266662598e-01
-2.156653404235839844e-01
-2.672892510890960693e-01
-1.584269851446151733e-01
-1.997375190258026123e-01
-1.745453774929046631e-01
-1.885926872491836548e-01
-2.307334691286087036e-01
-2.023560851812362671e-01
-3.376013934612274170e-01
-2.266019284725189209e-01
-2.355174869298934937e-01
-2.133260667324066162e-01
-2.346173077821731567e-01
-2.412341833114624023e-01
-2.358269393444061279e-01
-1.264828741550445557e-01
-2.340628206729888916e-01
-1.887281388044357300e-01
-1.646350622177124023e-01
-1.416780650615692139e-01
-1.881895810365676880e-01
-1.075845509767532349e-01
-3.048301041126251221e-01
-1.162090450525283813e-01
-1.651384979486465454e-01
-2.045844495296478271e-01
-1.833450496196746826e-01
-3.102231919765472412e-01
-1.777519881725311279e-01
-1.574791818857192993e-01
-2.676028609275817871e-01
-1.776511520147323608e-01
-1.569188535213470459e-01
-1.740501970052719116e-01
-1.892494112253189087e-01
-3.028004169464111328e-01
-1.456656455993652344e-01
-2.179228514432907104e-01
-2.225814461708068848e-01
-1.609463989734649658e-01
-1.423484385013580322e-01
-2.683111727237701416e-01
-2.920081019401550293e-01
-1.739829182624816895e-01
-2.079163938760757446e-01
-1.940091252326965332e-01
-2.678949832916259766e-01
-1.972723305225372314e-01
-1.951153874397277832e-01
-1.664711833000183105e-01
-2.286432534456253052e-01
-1.902610063552856445e-01
-2.667187750339508057e-01
-4.010007977485656738e-01
-2.550112903118133545e-01
-1.816931515932083130e-01
-2.025398463010787964e-01
-1.589196175336837769e-01
-2.476098388433456421e-01
-5.733221396803855896e-02
-2.203198969364166260e-01
-2.083767056465148926e-01
-1.586873531341552734e-01
-1.211992874741554260e-01
-1.794726252555847168e-01
-3.449430167675018311e-01
-1.662204563617706299e-01
-2.523103952407836914e-01
-2.435059845447540283e-01
-2.877773940563201904e-01
-2.797237932682037354e-01
-1.897370964288711548e-01
-2.113473415374755859e-01
-1.942934095859527588e-01
-2.050224095582962036e-01
-1.693663895130157471e-01
-2.242681831121444702e-01
-2.986612617969512939e-01
-1.327671855688095093e-01
-1.427987962961196899e-01
-2.399085462093353271e-01
-1.592799127101898193e-01
-1.998539119958877563e-01
-3.225384056568145752e-01
-1.859533339738845825e-01
-1.763105988502502441e-01
-2.690714001655578613e-01
-2.097189873456954956e-01
-2.395597696304321289e-01
-1.139698028564453125e-01
-1.897156536579132080e-01
-1.869764178991317749e-01
-1.828527301549911499e-01
-2.614995539188385010e-01
-2.073415666818618774e-01
-1.858008056879043579e-01
-5.975506827235221863e-02
-1.914804279804229736e-01
-2.182866781949996948e-01
-2.087830454111099243e-01
-1.741555631160736084e-01
-2.714908719062805176e-01
-1.999228596687316895e-01
-2.116745114326477051e-01
-2.492327392101287842e-01
-1.717267632484436035e-01
-1.566049605607986450e-01
-1.669250130653381348e-01
-3.014631867408752441e-01
-1.685123741626739502e-01
-2.433719336986541748e-01
-2.296518236398696899e-01
-1.946950256824493408e-01
-2.860395312309265137e-01
-3.287646472454071045e-01
-2.196908891201019287e-01
-1.861973851919174194e-01
-1.755201816558837891e-01
-9.867416322231292725e-02
-1.756251007318496704e-01
-1.303519308567047119e-01
-1.555374115705490112e-01
-1.679340004920959473e-01
-2.222391813993453979e-01
-2.818871736526489258e-01
-2.652433216571807861e-01
-9.465105831623077393e-02
-2.412255555391311646e-01
-2.731166779994964600e-01
-2.571602463722229004e-01
-2.604308426380157471e-01
-2.934254407882690430e-01
-2.469950169324874878e-01
-1.819639205932617188e-01
-2.740074694156646729e-01
-1.335869878530502319e-01
-1.698125004768371582e-01
-1.919014751911163330e-01
-1.795599013566970825e-01
-2.324968874454498291e-01
-1.352470219135284424e-01
-1.077165529131889343e-01
-2.183560878038406372e-01
-1.539400368928909302e-01
-2.015360295772552490e-01
-3.243015408515930176e-01
-1.713316440582275391e-01
